0.00000000,-0.00011292,-0.00000000
0.00000010,-0.00009958,-0.00000000
0.00000020,-0.00010205,-0.00000002
0.00000030,0.00012974,-0.00000010
0.00000040,-0.00007199,-0.00000032
0.00000050,0.00001299,-0.00000082
0.00000060,-0.00015140,-0.00000179
0.00000070,-0.00003527,-0.00000341
0.00000080,-0.00014594,-0.00000582
0.00000090,-0.00000465,-0.00000906
0.00000100,0.00005162,-0.00001303
0.00000110,0.00001734,-0.00001748
0.00000120,0.00014050,-0.00002204
0.00000130,-0.00007134,-0.00002622
0.00000140,-0.00000158,-0.00002951
0.00000150,-0.00009850,-0.00003137
0.00000160,-0.00017276,-0.00003134
0.00000170,-0.00015223,-0.00002907
0.00000180,-0.00003872,-0.00002436
0.00000190,0.00007495,-0.00001716
0.00000200,0.00004137,-0.00000763
0.00000210,-0.00023191,0.00000393
0.00000220,-0.00013137,0.00001704
0.00000230,-0.00007434,0.00003112
0.00000240,-0.00000227,0.00004548
0.00000250,-0.00009111,0.00005938
0.00000260,-0.00020948,0.00007206
0.00000270,-0.00033463,0.00008279
0.00000280,-0.00016106,0.00009092
0.00000290,-0.00027394,0.00009593
0.00000300,-0.00022435,0.00009742
0.00000310,-0.00016093,0.00009523
0.00000320,-0.00011331,0.00008934
0.00000330,0.00008706,0.00007994
0.00000340,-0.00002573,0.00006739
0.00000350,0.00001091,0.00005216
0.00000360,-0.00014912,0.00003482
0.00000370,-0.00007806,0.00001600
0.00000380,0.00003242,-0.00000366
0.00000390,0.00001650,-0.00002350
0.00000400,-0.00007844,-0.00004287
0.00000410,-0.00012694,-0.00006118
0.00000420,0.00009481,-0.00007786
0.00000430,-0.00023845,-0.00009237
0.00000440,-0.00010715,-0.00010429
0.00000450,-0.00003798,-0.00011323
0.00000460,-0.00021847,-0.00011890
0.00000470,-0.00011497,-0.00012113
0.00000480,-0.00004860,-0.00011985
0.00000490,-0.00006151,-0.00011513
0.00000500,-0.00013428,-0.00010715
0.00000510,-0.00014463,-0.00009627
0.00000520,0.00005601,-0.00008293
0.00000530,0.00008728,-0.00006770
0.00000540,-0.00005795,-0.00005118
0.00000550,-0.00000758,-0.00003401
0.00000560,0.00001909,-0.00001684
0.00000570,-0.00003597,-0.00000029
0.00000580,0.00002971,0.00001509
0.00000590,-0.00010652,0.00002877
0.00000600,-0.00008743,0.00004030
0.00000610,-0.00019863,0.00004929
0.00000620,-0.00018010,0.00005545
0.00000630,-0.00004935,0.00005858
0.00000640,0.00001070,0.00005861
0.00000650,-0.00005395,0.00005563
0.00000660,-0.00009304,0.00004986
0.00000670,-0.00019540,0.00004170
0.00000680,-0.00026637,0.00003167
0.00000690,-0.00021685,0.00002044
0.00000700,-0.00021777,0.00000874
0.00000710,-0.00019844,-0.00000265
0.00000720,-0.00010054,-0.00001295
0.00000730,-0.00007047,-0.00002146
0.00000740,0.00000538,-0.00002758
0.00000750,-0.00014943,-0.00003084
0.00000760,-0.00012341,-0.00003092
0.00000770,-0.00007499,-0.00002769
0.00000780,-0.00022899,-0.00002118
0.00000790,-0.00007706,-0.00001157
0.00000800,-0.00003507,0.00000080
0.00000810,-0.00021089,0.00001549
0.00000820,-0.00011206,0.00003193
0.00000830,-0.00029379,0.00004948
0.00000840,-0.00026259,0.00006743
0.00000850,-0.00025525,0.00008503
0.00000860,-0.00026793,0.00010151
0.00000870,-0.00002262,0.00011609
0.00000880,-0.00006885,0.00012804
0.00000890,-0.00007470,0.00013665
0.00000900,0.00001287,0.00014134
0.00000910,0.00004193,0.00014160
0.00000920,-0.00003361,0.00013711
0.00000930,0.00001343,0.00012771
0.00000940,0.00000413,0.00011344
0.00000950,-0.00002566,0.00009456
0.00000960,0.00011447,0.00007150
0.00000970,-0.00002978,0.00004491
0.00000980,0.00017539,0.00001559
0.00000990,0.00019790,-0.00001555
0.00001000,0.00005455,-0.00004750
0.00001010,0.00017540,-0.00007919
0.00001020,0.00002656,-0.00010958
0.00001030,0.00002204,-0.00013764
0.00001040,0.00000985,-0.00016239
0.00001050,-0.00014126,-0.00018298
0.00001060,-0.00006064,-0.00019868
0.00001070,-0.00001206,-0.00020889
0.00001080,-0.00006678,-0.00021319
0.00001090,-0.00007022,-0.00021135
0.00001100,-0.00017638,-0.00020334
0.00001110,-0.00002157,-0.00018932
0.00001120,-0.00003143,-0.00016966
0.00001130,-0.00014079,-0.00014491
0.00001140,-0.00017447,-0.00011576
0.00001150,-0.00033233,-0.00008310
0.00001160,-0.00026143,-0.00004789
0.00001170,-0.00012201,-0.00001122
0.00001180,-0.00025090,0.00002575
0.00001190,-0.00006041,0.00006186
0.00001200,-0.00007204,0.00009593
0.00001210,-0.00017831,0.00012686
0.00001220,-0.00026392,0.00015364
0.00001230,-0.00020792,0.00017545
0.00001240,-0.00007577,0.00019163
0.00001250,-0.00029439,0.00020172
0.00001260,-0.00021798,0.00020551
0.00001270,-0.00036721,0.00020298
0.00001280,-0.00029128,0.00019434
0.00001290,-0.00031240,0.00017997
0.00001300,-0.00020208,0.00016044
0.00001310,0.00000573,0.00013645
0.00001320,-0.00010077,0.00010883
0.00001330,-0.00002174,0.00007848
0.00001340,-0.00010851,0.00004638
0.00001350,-0.00022177,0.00001355
0.00001360,-0.00018480,-0.00001898
0.00001370,-0.00006480,-0.00005022
0.00001380,-0.00001230,-0.00007921
0.00001390,-0.00001570,-0.00010511
0.00001400,0.00008055,-0.00012721
0.00001410,0.00011130,-0.00014497
0.00001420,0.00021639,-0.00015799
0.00001430,0.00004296,-0.00016609
0.00001440,-0.00003987,-0.00016923
0.00001450,0.00004589,-0.00016751
0.00001460,0.00004924,-0.00016118
0.00001470,-0.00007004,-0.00015059
0.00001480,-0.00006337,-0.00013617
0.00001490,-0.00019172,-0.00011843
0.00001500,-0.00014195,-0.00009797
0.00001510,-0.00003021,-0.00007543
0.00001520,-0.00011722,-0.00005155
0.00001530,0.00007978,-0.00002709
0.00001540,-0.00003133,-0.00000285
0.00001550,-0.00015367,0.00002037
0.00001560,-0.00009102,0.00004181
0.00001570,-0.00007622,0.00006080
0.00001580,0.00014483,0.00007679
0.00001590,-0.00014162,0.00008942
0.00001600,-0.00006403,0.00009849
0.00001610,-0.00017544,0.00010397
0.00001620,-0.00014435,0.00010601
0.00001630,-0.00016337,0.00010489
0.00001640,-0.00042475,0.00010099
0.00001650,-0.00022419,0.00009474
0.00001660,-0.00021500,0.00008663
0.00001670,-0.00015069,0.00007713
0.00001680,-0.00030212,0.00006670
0.00001690,-0.00015919,0.00005580
0.00001700,-0.00017024,0.00004485
0.00001710,-0.00036149,0.00003422
0.00001720,-0.00014954,0.00002427
0.00001730,-0.00015423,0.00001529
0.00001740,-0.00019854,0.00000753
0.00001750,0.00002462,0.00000117
0.00001760,-0.00001506,-0.00000370
0.00001770,-0.00024116,-0.00000705
0.00001780,-0.00032390,-0.00000896
0.00001790,-0.00030471,-0.00000958
0.00001800,-0.00031326,-0.00000914
0.00001810,-0.00039212,-0.00000793
0.00001820,-0.00025251,-0.00000629
0.00001830,-0.00029260,-0.00000455
0.00001840,-0.00013488,-0.00000307
0.00001850,-0.00001776,-0.00000217
0.00001860,-0.00012397,-0.00000212
0.00001870,-0.00008898,-0.00000315
0.00001880,-0.00010154,-0.00000540
0.00001890,-0.00002881,-0.00000892
0.00001900,-0.00004661,-0.00001370
0.00001910,-0.00000750,-0.00001963
0.00001920,-0.00001512,-0.00002652
0.00001930,0.00007001,-0.00003413
0.00001940,0.00000628,-0.00004216
0.00001950,-0.00006269,-0.00005030
0.00001960,-0.00016116,-0.00005818
0.00001970,-0.00017110,-0.00006543
0.00001980,-0.00003532,-0.00007167
0.00001990,-0.00006204,-0.00007650
0.00002000,-0.00006730,-0.00007954
0.00002010,-0.00014861,-0.00008044
0.00002020,-0.00026522,-0.00007893
0.00002030,-0.00016345,-0.00007482
0.00002040,-0.00009936,-0.00006804
0.00002050,-0.00019323,-0.00005865
0.00002060,-0.00021885,-0.00004679
0.00002070,-0.00022660,-0.00003271
0.00002080,-0.00025768,-0.00001676
0.00002090,-0.00032318,0.00000067
0.00002100,-0.00038572,0.00001913
0.00002110,-0.00035515,0.00003812
0.00002120,-0.00029490,0.00005709
0.00002130,-0.00033125,0.00007548
0.00002140,-0.00036909,0.00009269
0.00002150,-0.00050806,0.00010809
0.00002160,-0.00044189,0.00012111
0.00002170,-0.00045023,0.00013115
0.00002180,-0.00030086,0.00013773
0.00002190,-0.00027167,0.00014041
0.00002200,-0.00044128,0.00013889
0.00002210,-0.00007557,0.00013299
0.00002220,-0.00016859,0.00012271
0.00002230,-0.00017448,0.00010818
0.00002240,-0.00007278,0.00008973
0.00002250,-0.00018297,0.00006784
0.00002260,-0.00030203,0.00004312
0.00002270,-0.00030767,0.00001633
0.00002280,-0.00017614,-0.00001171
0.00002290,-0.00029876,-0.00004008
0.00002300,0.00000912,-0.00006784
0.00002310,-0.00008060,-0.00009408
0.00002320,-0.00034903,-0.00011788
0.00002330,-0.00022766,-0.00013844
0.00002340,-0.00012692,-0.00015502
0.00002350,-0.00002599,-0.00016700
0.00002360,-0.00015561,-0.00017389
0.00002370,-0.00004235,-0.00017537
0.00002380,0.00000061,-0.00017126
0.00002390,0.00011649,-0.00016159
0.00002400,0.00005564,-0.00014657
0.00002410,-0.00002677,-0.00012664
0.00002420,-0.00010131,-0.00010241
0.00002430,-0.00020025,-0.00007468
0.00002440,-0.00023927,-0.00004437
0.00002450,-0.00027933,-0.00001252
0.00002460,-0.00021274,0.00001977
0.00002470,-0.00007914,0.00005142
0.00002480,-0.00004111,0.00008136
0.00002490,-0.00001844,0.00010859
0.00002500,-0.00019003,0.00013219
0.00002510,-0.00035589,0.00015139
0.00002520,-0.00027674,0.00016554
0.00002530,-0.00023681,0.00017415
0.00002540,-0.00023504,0.00017690
0.00002550,-0.00013943,0.00017369
0.00002560,-0.00011334,0.00016461
0.00002570,-0.00017499,0.00014997
0.00002580,-0.00023586,0.00013027
0.00002590,-0.00001328,0.00010622
0.00002600,-0.00002830,0.00007865
0.00002610,-0.00026819,0.00004855
0.00002620,-0.00021819,0.00001700
0.00002630,-0.00031571,-0.00001490
0.00002640,-0.00026010,-0.00004600
0.00002650,-0.00013857,-0.00007520
0.00002660,0.00003787,-0.00010147
0.00002670,0.00020991,-0.00012388
0.00002680,-0.00006030,-0.00014164
0.00002690,-0.00011137,-0.00015413
0.00002700,-0.00027942,-0.00016095
0.00002710,-0.00029692,-0.00016191
0.00002720,-0.00022228,-0.00015704
0.00002730,-0.00024387,-0.00014659
0.00002740,-0.00017115,-0.00013104
0.00002750,-0.00027351,-0.00011103
0.00002760,-0.00013219,-0.00008736
0.00002770,-0.00004136,-0.00006093
0.00002780,0.00000259,-0.00003270
0.00002790,-0.00010855,-0.00000367
0.00002800,-0.00001343,0.00002518
0.00002810,-0.00001812,0.00005289
0.00002820,-0.00009431,0.00007857
0.00002830,-0.00005928,0.00010139
0.00002840,-0.00005244,0.00012061
0.00002850,-0.00015261,0.00013560
0.00002860,-0.00020820,0.00014587
0.00002870,-0.00019431,0.00015107
0.00002880,-0.00024261,0.00015103
0.00002890,-0.00013667,0.00014574
0.00002900,-0.00017386,0.00013538
0.00002910,-0.00013751,0.00012032
0.00002920,-0.00028541,0.00010109
0.00002930,-0.00028578,0.00007835
0.00002940,-0.00009240,0.00005290
0.00002950,-0.00025451,0.00002561
0.00002960,-0.00025349,-0.00000260
0.00002970,-0.00017341,-0.00003077
0.00002980,-0.00016819,-0.00005797
0.00002990,-0.00010259,-0.00008331
0.00003000,-0.00006941,-0.00010591
0.00003010,-0.00006728,-0.00012499
0.00003020,-0.00000919,-0.00013987
0.00003030,-0.00002112,-0.00014998
0.00003040,-0.00010794,-0.00015492
0.00003050,-0.00030595,-0.00015446
0.00003060,-0.00036533,-0.00014860
0.00003070,-0.00026569,-0.00013751
0.00003080,-0.00030530,-0.00012160
0.00003090,-0.00027988,-0.00010146
0.00003100,-0.00043432,-0.00007783
0.00003110,-0.00035375,-0.00005161
0.00003120,-0.00018738,-0.00002377
0.00003130,-0.00030150,0.00000469
0.00003140,-0.00011658,0.00003277
0.00003150,-0.00016169,0.00005952
0.00003160,-0.00023494,0.00008409
0.00003170,-0.00042535,0.00010571
0.00003180,-0.00026494,0.00012380
0.00003190,-0.00003471,0.00013785
0.00003200,-0.00002543,0.00014754
0.00003210,0.00007179,0.00015267
0.00003220,0.00001481,0.00015315
0.00003230,0.00009764,0.00014905
0.00003240,0.00006778,0.00014053
0.00003250,0.00000394,0.00012789
0.00003260,0.00014967,0.00011152
0.00003270,0.00009133,0.00009192
0.00003280,0.00005499,0.00006967
0.00003290,0.00018355,0.00004547
0.00003300,-0.00003949,0.00002005
0.00003310,-0.00025872,-0.00000580
0.00003320,-0.00012384,-0.00003127
0.00003330,-0.00009801,-0.00005559
0.00003340,-0.00030551,-0.00007802
0.00003350,-0.00013773,-0.00009793
0.00003360,-0.00004761,-0.00011476
0.00003370,-0.00007943,-0.00012809
0.00003380,-0.00007306,-0.00013760
0.00003390,-0.00024587,-0.00014312
0.00003400,-0.00035225,-0.00014460
0.00003410,-0.00041732,-0.00014210
0.00003420,-0.00022620,-0.00013579
0.00003430,-0.00023177,-0.00012595
0.00003440,-0.00024326,-0.00011291
0.00003450,-0.00043114,-0.00009709
0.00003460,-0.00032453,-0.00007898
0.00003470,-0.00008941,-0.00005911
0.00003480,-0.00011260,-0.00003807
0.00003490,-0.00003431,-0.00001649
0.00003500,-0.00023280,0.00000500
0.00003510,-0.00013696,0.00002576
0.00003520,-0.00024658,0.00004520
0.00003530,-0.00027466,0.00006279
0.00003540,-0.00021465,0.00007810
0.00003550,-0.00029267,0.00009080
0.00003560,-0.00010228,0.00010067
0.00003570,0.00005577,0.00010759
0.00003580,0.00006868,0.00011153
0.00003590,0.00012014,0.00011256
0.00003600,0.00000955,0.00011082
0.00003610,-0.00015932,0.00010650
0.00003620,-0.00004211,0.00009986
0.00003630,0.00021448,0.00009121
0.00003640,-0.00001724,0.00008087
0.00003650,-0.00002852,0.00006921
0.00003660,-0.00004149,0.00005657
0.00003670,-0.00018996,0.00004333
0.00003680,-0.00014565,0.00002985
0.00003690,-0.00014858,0.00001644
0.00003700,-0.00005415,0.00000345
0.00003710,-0.00001200,-0.00000884
0.00003720,-0.00008050,-0.00002019
0.00003730,0.00002164,-0.00003041
0.00003740,-0.00016053,-0.00003935
0.00003750,-0.00011255,-0.00004696
0.00003760,-0.00003860,-0.00005324
0.00003770,-0.00027198,-0.00005825
0.00003780,-0.00018671,-0.00006208
0.00003790,-0.00026242,-0.00006489
0.00003800,-0.00017622,-0.00006684
0.00003810,-0.00026418,-0.00006809
0.00003820,-0.00018096,-0.00006878
0.00003830,-0.00015957,-0.00006900
0.00003840,-0.00016991,-0.00006879
0.00003850,-0.00010465,-0.00006810
0.00003860,-0.00034970,-0.00006686
0.00003870,-0.00040022,-0.00006495
0.00003880,-0.00016330,-0.00006224
0.00003890,-0.00001454,-0.00005863
0.00003900,0.00003915,-0.00005402
0.00003910,0.00010905,-0.00004832
0.00003920,0.00004684,-0.00004147
0.00003930,0.00010095,-0.00003345
0.00003940,-0.00009767,-0.00002423
0.00003950,-0.00014114,-0.00001385
0.00003960,-0.00033550,-0.00000234
0.00003970,-0.00044988,0.00001021
0.00003980,-0.00024478,0.00002366
0.00003990,-0.00027404,0.00003782
0.00004000,-0.00007174,0.00005242
0.00004010,-0.00014358,0.00006716
0.00004020,-0.00016714,0.00008166
0.00004030,-0.00012852,0.00009548
0.00004040,-0.00035373,0.00010817
0.00004050,-0.00032094,0.00011923
0.00004060,-0.00044469,0.00012818
0.00004070,-0.00025714,0.00013457
0.00004080,-0.00012895,0.00013800
0.00004090,-0.00007326,0.00013812
0.00004100,-0.00012561,0.00013470
0.00004110,-0.00027877,0.00012758
0.00004120,-0.00007156,0.00011671
0.00004130,-0.00006147,0.00010214
0.00004140,0.00001441,0.00008404
0.00004150,-0.00006724,0.00006268
0.00004160,-0.00032702,0.00003846
0.00004170,-0.00040109,0.00001189
0.00004180,-0.00035567,-0.00001640
0.00004190,-0.00018071,-0.00004568
0.00004200,-0.00013560,-0.00007514
0.00004210,-0.00012097,-0.00010389
0.00004220,-0.00012042,-0.00013105
0.00004230,-0.00016831,-0.00015573
0.00004240,-0.00030657,-0.00017710
0.00004250,-0.00046934,-0.00019441
0.00004260,-0.00050228,-0.00020704
0.00004270,-0.00036892,-0.00021451
0.00004280,-0.00008809,-0.00021649
0.00004290,-0.00008153,-0.00021279
0.00004300,-0.00020155,-0.00020341
0.00004310,-0.00005574,-0.00018847
0.00004320,-0.00015437,-0.00016825
0.00004330,-0.00016306,-0.00014317
0.00004340,-0.00023289,-0.00011376
0.00004350,-0.00014809,-0.00008071
0.00004360,-0.00023256,-0.00004482
0.00004370,-0.00028787,-0.00000702
0.00004380,-0.00028924,0.00003167
0.00004390,-0.00028426,0.00007014
0.00004400,-0.00017667,0.00010727
0.00004410,-0.00024488,0.00014193
0.00004420,-0.00006627,0.00017309
0.00004430,-0.00008539,0.00019981
0.00004440,-0.00014245,0.00022132
0.00004450,-0.00006415,0.00023700
0.00004460,-0.00013838,0.00024644
0.00004470,-0.00013949,0.00024939
0.00004480,-0.00025715,0.00024577
0.00004490,-0.00011718,0.00023569
0.00004500,-0.00016748,0.00021941
0.00004510,-0.00025512,0.00019735
0.00004520,-0.00017461,0.00017007
0.00004530,-0.00021874,0.00013826
0.00004540,-0.00016549,0.00010277
0.00004550,-0.00013379,0.00006456
0.00004560,-0.00013517,0.00002468
0.00004570,-0.00017373,-0.00001570
0.00004580,-0.00006088,-0.00005540
0.00004590,-0.00016546,-0.00009321
0.00004600,-0.00020527,-0.00012799
0.00004610,-0.00004810,-0.00015871
0.00004620,-0.00001848,-0.00018448
0.00004630,-0.00008243,-0.00020458
0.00004640,-0.00018554,-0.00021851
0.00004650,-0.00018334,-0.00022599
0.00004660,-0.00026645,-0.00022694
0.00004670,-0.00019243,-0.00022148
0.00004680,-0.00020643,-0.00020993
0.00004690,-0.00016885,-0.00019279
0.00004700,-0.00024230,-0.00017070
0.00004710,-0.00007159,-0.00014442
0.00004720,-0.00012584,-0.00011483
0.00004730,-0.00022144,-0.00008287
0.00004740,-0.00016344,-0.00004952
0.00004750,-0.00017572,-0.00001578
0.00004760,-0.00009047,0.00001735
0.00004770,-0.00003144,0.00004891
0.00004780,-0.00019653,0.00007799
0.00004790,-0.00031801,0.00010378
0.00004800,-0.00012248,0.00012558
0.00004810,-0.00014433,0.00014285
0.00004820,-0.00009715,0.00015519
0.00004830,-0.00005879,0.00016240
0.00004840,-0.00001848,0.00016446
0.00004850,-0.00001272,0.00016152
0.00004860,-0.00017038,0.00015388
0.00004870,-0.00004434,0.00014199
0.00004880,0.00003197,0.00012639
0.00004890,-0.00016219,0.00010773
0.00004900,-0.00027967,0.00008672
0.00004910,-0.00020232,0.00006409
0.00004920,-0.00021691,0.00004061
0.00004930,-0.00009742,0.00001707
0.00004940,-0.00017251,-0.00000579
0.00004950,-0.00022292,-0.00002722
0.00004960,-0.00012583,-0.00004656
0.00004970,-0.00010518,-0.00006319
0.00004980,-0.00012459,-0.00007664
0.00004990,-0.00018236,-0.00008652
0.00005000,-0.00013304,-0.00009264
0.00005010,-0.00006823,-0.00009497
0.00005020,-0.00007278,-0.00009364
0.00005030,-0.00007129,-0.00008895
0.00005040,0.00006747,-0.00008133
0.00005050,0.00003745,-0.00007128
0.00005060,-0.00011919,-0.00005936
0.00005070,-0.00014556,-0.00004618
0.00005080,-0.00007256,-0.00003230
0.00005090,-0.00013244,-0.00001831
0.00005100,-0.00021679,-0.00000474
0.00005110,-0.00027007,0.00000792
0.00005120,-0.00029339,0.00001922
0.00005130,-0.00016379,0.00002876
0.00005140,-0.00010330,0.00003623
0.00005150,-0.00001350,0.00004136
0.00005160,-0.00005847,0.00004399
0.00005170,-0.00001539,0.00004404
0.00005180,-0.00003473,0.00004153
0.00005190,0.00006255,0.00003663
0.00005200,0.00004004,0.00002957
0.00005210,0.00006708,0.00002075
0.00005220,0.00011369,0.00001064
0.00005230,0.00001481,-0.00000022
0.00005240,-0.00011893,-0.00001123
0.00005250,-0.00001941,-0.00002177
0.00005260,-0.00015977,-0.00003127
0.00005270,-0.00022816,-0.00003920
0.00005280,-0.00019551,-0.00004515
0.00005290,-0.00029849,-0.00004881
0.00005300,-0.00022892,-0.00004998
0.00005310,-0.00015535,-0.00004862
0.00005320,-0.00028011,-0.00004480
0.00005330,-0.00030636,-0.00003869
0.00005340,-0.00030587,-0.00003055
0.00005350,-0.00021646,-0.00002071
0.00005360,-0.00021850,-0.00000955
0.00005370,-0.00022206,0.00000251
0.00005380,-0.00036366,0.00001502
0.00005390,-0.00030958,0.00002749
0.00005400,-0.00026236,0.00003943
0.00005410,-0.00028112,0.00005037
0.00005420,-0.00024397,0.00005982
0.00005430,-0.00011435,0.00006737
0.00005440,-0.00002292,0.00007267
0.00005450,-0.00023280,0.00007541
0.00005460,-0.00017328,0.00007541
0.00005470,-0.00023562,0.00007258
0.00005480,-0.00029153,0.00006696
0.00005490,-0.00028276,0.00005869
0.00005500,-0.00024031,0.00004807
0.00005510,-0.00018725,0.00003548
0.00005520,-0.00010811,0.00002141
0.00005530,0.00011644,0.00000641
0.00005540,-0.00013272,-0.00000891
0.00005550,-0.00000671,-0.00002393
0.00005560,-0.00003542,-0.00003804
0.00005570,-0.00004923,-0.00005067
0.00005580,-0.00019805,-0.00006127
0.00005590,-0.00016678,-0.00006941
0.00005600,0.00009017,-0.00007470
0.00005610,0.00022441,-0.00007689
0.00005620,0.00022451,-0.00007584
0.00005630,0.00001978,-0.00007155
0.00005640,0.00000016,-0.00006413
0.00005650,-0.00017859,-0.00005386
0.00005660,-0.00015949,-0.00004116
0.00005670,-0.00006589,-0.00002652
0.00005680,-0.00008569,-0.00001057
0.00005690,-0.00000413,0.00000600
0.00005700,-0.00007602,0.00002250
0.00005710,0.00003890,0.00003820
0.00005720,-0.00010891,0.00005243
0.00005730,-0.00000799,0.00006459
0.00005740,0.00018694,0.00007419
0.00005750,-0.00004293,0.00008080
0.00005760,0.00012144,0.00008415
0.00005770,-0.00001045,0.00008405
0.00005780,0.00001821,0.00008043
0.00005790,-0.00006199,0.00007330
0.00005800,-0.00040912,0.00006280
0.00005810,-0.00031492,0.00004914
0.00005820,-0.00022558,0.00003267
0.00005830,-0.00018746,0.00001385
0.00005840,-0.00016676,-0.00000673
0.00005850,-0.00002139,-0.00002835
0.00005860,-0.00021545,-0.00005018
0.00005870,-0.00015522,-0.00007133
0.00005880,-0.00009304,-0.00009088
0.00005890,-0.00001268,-0.00010795
0.00005900,-0.00016946,-0.00012173
0.00005910,-0.00015851,-0.00013156
0.00005920,-0.00014789,-0.00013691
0.00005930,-0.00020899,-0.00013749
0.00005940,0.00004454,-0.00013315
0.00005950,-0.00014401,-0.00012397
0.00005960,-0.00015819,-0.00011019
0.00005970,-0.00013169,-0.00009223
0.00005980,0.00003169,-0.00007061
0.00005990,0.00001646,-0.00004601
0.00006000,-0.00001444,-0.00001917
0.00006010,-0.00023260,0.00000909
0.00006020,-0.00024862,0.00003788
0.00006030,-0.00031350,0.00006628
0.00006040,-0.00023201,0.00009336
0.00006050,-0.00008317,0.00011821
0.00006060,-0.00018843,0.00013996
0.00006070,-0.00015481,0.00015782
0.00006080,-0.00011098,0.00017110
0.00006090,-0.00003173,0.00017931
0.00006100,0.00011869,0.00018209
0.00006110,0.00011483,0.00017929
0.00006120,-0.00004992,0.00017096
0.00006130,0.00009949,0.00015734
0.00006140,-0.00010292,0.00013883
0.00006150,-0.00000394,0.00011598
0.00006160,-0.00006034,0.00008948
0.00006170,0.00012092,0.00006010
0.00006180,0.00002658,0.00002871
0.00006190,-0.00007437,-0.00000378
0.00006200,0.00001403,-0.00003641
0.00006210,0.00002557,-0.00006822
0.00006220,-0.00002208,-0.00009823
0.00006230,-0.00014283,-0.00012550
0.00006240,-0.00019735,-0.00014915
0.00006250,-0.00011607,-0.00016838
0.00006260,-0.00012188,-0.00018249
0.00006270,-0.00023658,-0.00019097
0.00006280,-0.00011948,-0.00019346
0.00006290,-0.00035081,-0.00018985
0.00006300,-0.00009454,-0.00018025
0.00006310,-0.00003726,-0.00016499
0.00006320,-0.00019426,-0.00014463
0.00006330,-0.00017858,-0.00011991
0.00006340,-0.00020937,-0.00009170
0.00006350,-0.00035059,-0.00006097
0.00006360,-0.00044346,-0.00002873
0.00006370,-0.00052653,0.00000398
0.00006380,-0.00049128,0.00003615
0.00006390,-0.00029152,0.00006684
0.00006400,-0.00020788,0.00009514
0.00006410,-0.00009131,0.00012022
0.00006420,-0.00022899,0.00014135
0.00006430,-0.00018215,0.00015792
0.00006440,-0.00030693,0.00016943
0.00006450,-0.00041202,0.00017555
0.00006460,-0.00024671,0.00017610
0.00006470,-0.00032873,0.00017111
0.00006480,-0.00019533,0.00016080
0.00006490,-0.00007831,0.00014558
0.00006500,0.00010499,0.00012604
0.00006510,-0.00009723,0.00010292
0.00006520,-0.00016782,0.00007706
0.00006530,-0.00007599,0.00004936
0.00006540,-0.00023712,0.00002074
0.00006550,-0.00007796,-0.00000787
0.00006560,-0.00002288,-0.00003560
0.00006570,-0.00012138,-0.00006165
0.00006580,-0.00002546,-0.00008528
0.00006590,-0.00008232,-0.00010587
0.00006600,-0.00018134,-0.00012287
0.00006610,-0.00011169,-0.00013584
0.00006620,-0.00009456,-0.00014446
0.00006630,-0.00002599,-0.00014854
0.00006640,0.00001022,-0.00014800
0.00006650,-0.00007027,-0.00014293
0.00006660,-0.00004270,-0.00013356
0.00006670,-0.00011165,-0.00012024
0.00006680,-0.00020737,-0.00010349
0.00006690,-0.00019482,-0.00008392
0.00006700,-0.00023035,-0.00006223
0.00006710,-0.00028293,-0.00003920
0.00006720,-0.00029794,-0.00001562
0.00006730,-0.00027686,0.00000770
0.00006740,-0.00028539,0.00003001
0.00006750,-0.00039186,0.00005059
0.00006760,-0.00013444,0.00006882
0.00006770,-0.00022310,0.00008417
0.00006780,-0.00029382,0.00009624
0.00006790,-0.00012490,0.00010471
0.00006800,-0.00025900,0.00010944
0.00006810,-0.00031672,0.00011039
0.00006820,-0.00034899,0.00010765
0.00006830,-0.00026946,0.00010146
0.00006840,-0.00003742,0.00009214
0.00006850,-0.00008794,0.00008017
0.00006860,-0.00009678,0.00006606
0.00006870,0.00003022,0.00005043
0.00006880,-0.00020554,0.00003392
0.00006890,-0.00009893,0.00001722
0.00006900,-0.00020919,0.00000097
0.00006910,-0.00002232,-0.00001421
0.00006920,-0.00011407,-0.00002776
0.00006930,-0.00023706,-0.00003920
0.00006940,-0.00000360,-0.00004817
0.00006950,-0.00009983,-0.00005443
0.00006960,0.00013190,-0.00005784
0.00006970,0.00004773,-0.00005842
0.00006980,-0.00007812,-0.00005627
0.00006990,0.00003409,-0.00005165
0.00007000,-0.00015168,-0.00004491
0.00007010,-0.00000429,-0.00003648
0.00007020,-0.00010744,-0.00002690
0.00007030,-0.00010391,-0.00001673
0.00007040,0.00002703,-0.00000656
0.00007050,-0.00012003,0.00000305
0.00007060,0.00004698,0.00001159
0.00007070,-0.00025915,0.00001862
0.00007080,-0.00012329,0.00002379
0.00007090,-0.00013230,0.00002688
0.00007100,-0.00018933,0.00002777
0.00007110,-0.00016895,0.00002647
0.00007120,-0.00017325,0.00002309
0.00007130,-0.00004176,0.00001788
0.00007140,-0.00023974,0.00001112
0.00007150,-0.00018451,0.00000318
0.00007160,-0.00011402,-0.00000552
0.00007170,0.00005323,-0.00001455
0.00007180,0.00007158,-0.00002348
0.00007190,0.00006371,-0.00003189
0.00007200,-0.00009869,-0.00003938
0.00007210,-0.00018760,-0.00004560
0.00007220,-0.00006123,-0.00005023
0.00007230,-0.00014079,-0.00005300
0.00007240,-0.00005287,-0.00005371
0.00007250,-0.00020865,-0.00005220
0.00007260,-0.00015725,-0.00004840
0.00007270,-0.00011175,-0.00004232
0.00007280,-0.00018231,-0.00003403
0.00007290,-0.00001387,-0.00002373
0.00007300,-0.00005438,-0.00001166
0.00007310,-0.00000084,0.00000182
0.00007320,0.00011133,0.00001628
0.00007330,0.00006276,0.00003121
0.00007340,0.00019304,0.00004606
0.00007350,0.00004000,0.00006022
0.00007360,0.00017335,0.00007311
0.00007370,0.00052912,0.00008417
0.00007380,0.00163044,0.00009293
0.00007390,0.00444585,0.00009899
0.00007400,0.00930856,0.00010207
0.00007410,0.01692462,0.00010201
0.00007420,0.02784541,0.00009875
0.00007430,0.04197189,0.00009234
0.00007440,0.05918402,0.00008295
0.00007450,0.07873785,0.00007081
0.00007460,0.09955441,0.00005624
0.00007470,0.12094956,0.00003962
0.00007480,0.14070880,0.00002140
0.00007490,0.15721136,0.00000206
0.00007500,0.16880518,-0.00001787
0.00007510,0.17335760,-0.00003783
0.00007520,0.16901404,-0.00005725
0.00007530,0.15399928,-0.00007557
0.00007540,0.12747712,-0.00009222
0.00007550,0.08765025,-0.00010672
0.00007560,0.03452840,-0.00011863
0.00007570,-0.03194300,-0.00012764
0.00007580,-0.11131837,-0.00013351
0.00007590,-0.20164881,-0.00013612
0.00007600,-0.30177840,-0.00013545
0.00007610,-0.40825251,-0.00013156
0.00007620,-0.51779448,-0.00012457
0.00007630,-0.62655719,-0.00011464
0.00007640,-0.73056820,-0.00010197
0.00007650,-0.82528137,-0.00008676
0.00007660,-0.90582137,-0.00006924
0.00007670,-0.96805570,-0.00004967
0.00007680,-1.00695602,-0.00002833
0.00007690,-1.01914170,-0.00000556
0.00007700,-1.00097672,0.00001827
0.00007710,-0.94977602,0.00004273
0.00007720,-0.86400876,0.00006732
0.00007730,-0.74293115,0.00009149
0.00007740,-0.58720339,0.00011465
0.00007750,-0.39854967,0.00013618
0.00007760,-0.17996133,0.00015542
0.00007770,0.06397409,0.00017175
0.00007780,0.32804322,0.00018453
0.00007790,0.60576126,0.00019320
0.00007800,0.88927914,0.00019722
0.00007810,1.17107868,0.00019615
0.00007820,1.44219985,0.00018966
0.00007830,1.69365508,0.00017755
0.00007840,1.91658068,0.00015976
0.00007850,2.10226487,0.00013641
0.00007860,2.24322321,0.00010782
0.00007870,2.33218398,0.00007449
0.00007880,2.36352314,0.00003713
0.00007890,2.33264280,-0.00000338
0.00007900,2.23694144,-0.00004597
0.00007910,2.07545252,-0.00008942
0.00007920,1.84917535,-0.00013239
0.00007930,1.56105753,-0.00017346
0.00007940,1.21627480,-0.00021122
0.00007950,0.82126059,-0.00024425
0.00007960,0.38514916,-0.00027126
0.00007970,-0.08202235,-0.00029108
0.00007980,-0.56902887,-0.00030276
0.00007990,-1.06289518,-0.00030557
0.00008000,-1.55006800,-0.00029901
0.00008010,-2.01769296,-0.00028289
0.00008020,-2.45115421,-0.00025723
0.00008030,-2.83768019,-0.00022239
0.00008040,-3.16537714,-0.00017896
0.00008050,-3.42259830,-0.00012787
0.00008060,-3.60079291,-0.00007031
0.00008070,-3.69210960,-0.00000777
0.00008080,-3.69145007,0.00005801
0.00008090,-3.59567011,0.00012508
0.00008100,-3.40470131,0.00019135
0.00008110,-3.12114202,0.00025463
0.00008120,-2.74959387,0.00031272
0.00008130,-2.29802314,0.00036349
0.00008140,-1.77639026,0.00040497
0.00008150,-1.19685552,0.00043539
0.00008160,-0.57339612,0.00045331
0.00008170,0.07802300,0.00045763
0.00008180,0.74112902,0.00044768
0.00008190,1.39815646,0.00042322
0.00008200,2.03160548,0.00038446
0.00008210,2.62420001,0.00033209
0.00008220,3.15982799,0.00026720
0.00008230,3.62363554,0.00019134
0.00008240,4.00220728,0.00010642
0.00008250,4.28487429,0.00001473
0.00008260,4.46306339,-0.00008118
0.00008270,4.53077850,-0.00017851
0.00008280,4.48505366,-0.00027433
0.00008290,4.32629094,-0.00036564
0.00008300,4.05752307,-0.00044948
0.00008310,3.68516761,-0.00052303
0.00008320,3.21812917,-0.00058367
0.00008330,2.66824146,-0.00062912
0.00008340,2.04926030,-0.00065748
0.00008350,1.37700712,-0.00066738
0.00008360,0.66935710,-0.00065795
0.00008370,-0.05552239,-0.00062893
0.00008380,-0.77873815,-0.00058066
0.00008390,-1.48214824,-0.00051404
0.00008400,-2.14671618,-0.00043057
0.00008410,-2.75573832,-0.00033224
0.00008420,-3.29312050,-0.00022155
0.00008430,-3.74575871,-0.00010140
0.00008440,-4.10240392,0.00002499
0.00008450,-4.35441461,0.00015413
0.00008460,-4.49613716,0.00028243
0.00008470,-4.52455722,0.00040626
0.00008480,-4.44029335,0.00052206
0.00008490,-4.24641326,0.00062644
0.00008500,-3.94898542,0.00071629
0.00008510,-3.55708917,0.00078884
0.00008520,-3.08213125,0.00084173
0.00008530,-2.53741673,0.00087311
0.00008540,-1.93810910,0.00088166
0.00008550,-1.30053362,0.00086666
0.00008560,-0.64206739,0.00082799
0.00008570,0.01954154,0.00076621
0.00008580,0.66744246,0.00068255
0.00008590,1.28493895,0.00057887
0.00008600,1.85650878,0.00045767
0.00008610,2.36804363,0.00032200
0.00008620,2.80801511,0.00017540
0.00008630,3.16625363,0.00002178
0.00008640,3.43630844,-0.00013467
0.00008650,3.61285322,-0.00028965
0.00008660,3.69436534,-0.00043886
0.00008670,3.68128277,-0.00057811
0.00008680,3.57668739,-0.00070349
0.00008690,3.38636217,-0.00081140
0.00008700,3.11782404,-0.00089877
0.00008710,2.78074746,-0.00096303
0.00008720,2.38650007,-0.00100227
0.00008730,1.94739008,-0.00101528
0.00008740,1.47683103,-0.00100157
0.00008750,0.98846160,-0.00096140
0.00008760,0.49547004,-0.00089580
0.00008770,0.01150807,-0.00080650
0.00008780,-0.45118447,-0.00069590
0.00008790,-0.88120790,-0.00056700
0.00008800,-1.26837388,-0.00042328
0.00008810,-1.60448983,-0.00026864
0.00008820,-1.88298631,-0.00010724
0.00008830,-2.09939565,0.00005659
0.00008840,-2.25101977,0.00021848
0.00008850,-2.33711223,0.00037415
0.00008860,-2.35875009,0.00051950
0.00008870,-2.31914071,0.00065073
0.00008880,-2.22263068,0.00076441
0.00008890,-2.07529956,0.00085760
0.00008900,-1.88435251,0.00092791
0.00008910,-1.65757441,0.00097357
0.00008920,-1.40367849,0.00099350
0.00008930,-1.13136389,0.00098732
0.00008940,-0.84934988,0.00095540
0.00008950,-0.56670160,0.00089879
0.00008960,-0.29114465,0.00081928
0.00008970,-0.03001876,0.00071927
0.00008980,0.21004337,0.00060171
0.00008990,0.42401320,0.00046999
0.00009000,0.60772996,0.00032788
0.00009010,0.75859589,0.00017933
0.00009020,0.87443786,0.00002842
0.00009030,0.95541434,-0.00012079
0.00009040,1.00213378,-0.00026434
0.00009050,1.01634560,-0.00039853
0.00009060,1.00074612,-0.00051994
0.00009070,0.95869798,-0.00062556
0.00009080,0.89458056,-0.00071288
0.00009090,0.81204094,-0.00077989
0.00009100,0.71655380,-0.00082518
0.00009110,0.61225391,-0.00084798
0.00009120,0.50396960,-0.00084812
0.00009130,0.39556608,-0.00082607
0.00009140,0.29068338,-0.00078290
0.00009150,0.19263049,-0.00072024
0.00009160,0.10396321,-0.00064022
0.00009170,0.02693127,-0.00054541
0.00009180,-0.03782358,-0.00043874
0.00009190,-0.08919331,-0.00032341
0.00009200,-0.12765476,-0.00020278
0.00009210,-0.15343139,-0.00008027
0.00009220,-0.16731226,0.00004074
0.00009230,-0.17122361,0.00015704
0.00009240,-0.16688385,0.00026562
0.00009250,-0.15575030,0.00036380
0.00009260,-0.13990471,0.00044926
0.00009270,-0.12134429,0.00052014
0.00009280,-0.10148527,0.00057502
0.00009290,-0.08179859,0.00061298
0.00009300,-0.06381911,0.00063358
0.00009310,-0.04827376,0.00063688
0.00009320,-0.03496210,0.00062341
0.00009330,-0.02459368,0.00059413
0.00009340,-0.01686790,0.00055041
0.00009350,-0.01136821,0.00049399
0.00009360,-0.00760660,0.00042687
0.00009370,-0.00473528,0.00035127
0.00009380,-0.00246364,0.00026955
0.00009390,-0.00050855,0.00018413
0.00009400,0.00088455,0.00009741
0.00009410,0.00208501,0.00001172
0.00009420,0.00301664,-0.00007075
0.00009430,0.00370352,-0.00014799
0.00009440,0.00440602,-0.00021822
0.00009450,0.00465047,-0.00027990
0.00009460,0.00495078,-0.00033176
0.00009470,0.00505006,-0.00037281
0.00009480,0.00495281,-0.00040241
0.00009490,0.00472037,-0.00042021
0.00009500,0.00463451,-0.00042621
0.00009510,0.00412541,-0.00042073
0.00009520,0.00368082,-0.00040440
0.00009530,0.00326195,-0.00037814
0.00009540,0.00268756,-0.00034308
0.00009550,0.00237738,-0.00030057
0.00009560,0.00174247,-0.00025205
0.00009570,0.00111744,-0.00019908
0.00009580,0.00053581,-0.00014323
0.00009590,-0.00005568,-0.00008607
0.00009600,-0.00036485,-0.00002912
0.00009610,-0.00104698,0.00002617
0.00009620,-0.00147297,0.00007844
0.00009630,-0.00200005,0.00012648
0.00009640,-0.00276302,0.00016922
0.00009650,-0.00314042,0.00020572
0.00009660,-0.00364206,0.00023528
0.00009670,-0.00400502,0.00025737
0.00009680,-0.00421944,0.00027167
0.00009690,-0.00428347,0.00027809
0.00009700,-0.00392470,0.00027674
0.00009710,-0.00385720,0.00026792
0.00009720,-0.00361073,0.00025211
0.00009730,-0.00329705,0.00022997
0.00009740,-0.00274496,0.00020229
0.00009750,-0.00205621,0.00016997
0.00009760,-0.00153048,0.00013403
0.00009770,-0.00094799,0.00009554
0.00009780,-0.00053099,0.00005564
0.00009790,0.00010834,0.00001546
0.00009800,0.00067978,-0.00002385
0.00009810,0.00117867,-0.00006121
0.00009820,0.00147590,-0.00009559
0.00009830,0.00200155,-0.00012607
0.00009840,0.00233697,-0.00015189
0.00009850,0.00269412,-0.00017241
0.00009860,0.00281636,-0.00018719
0.00009870,0.00284670,-0.00019599
0.00009880,0.00293555,-0.00019874
0.00009890,0.00254534,-0.00019557
0.00009900,0.00230369,-0.00018677
0.00009910,0.00206790,-0.00017281
0.00009920,0.00204872,-0.00015429
0.00009930,0.00180202,-0.00013192
0.00009940,0.00167519,-0.00010654
0.00009950,0.00145187,-0.00007906
0.00009960,0.00118548,-0.00005041
0.00009970,0.00090054,-0.00002156
0.00009980,0.00021743,0.00000657
0.00009990,0.00011099,0.00003311
0.00010000,-0.00022840,0.00005727
0.00010010,-0.00040232,0.00007843
0.00010020,-0.00050747,0.00009611
0.00010030,-0.00100581,0.00011000
0.00010040,-0.00112010,0.00011995
0.00010050,-0.00143181,0.00012598
0.00010060,-0.00153325,0.00012820
0.00010070,-0.00171492,0.00012682
0.00010080,-0.00195844,0.00012212
0.00010090,-0.00188295,0.00011444
0.00010100,-0.00218967,0.00010416
0.00010110,-0.00212280,0.00009173
0.00010120,-0.00214804,0.00007766
0.00010130,-0.00216634,0.00006249
0.00010140,-0.00205381,0.00004679
0.00010150,-0.00204523,0.00003115
0.00010160,-0.00181495,0.00001612
0.00010170,-0.00152421,0.00000221
0.00010180,-0.00169122,-0.00001015
0.00010190,-0.00142324,-0.00002065
0.00010200,-0.00115585,-0.00002908
0.00010210,-0.00104808,-0.00003535
0.00010220,-0.00060284,-0.00003947
0.00010230,-0.00022249,-0.00004155
0.00010240,0.00002509,-0.00004179
0.00010250,0.00033231,-0.00004045
0.00010260,0.00056583,-0.00003782
0.00010270,0.00082662,-0.00003424
0.00010280,0.00110587,-0.00003008
0.00010290,0.00131843,-0.00002570
0.00010300,0.00172215,-0.00002150
0.00010310,0.00169799,-0.00001785
0.00010320,0.00181255,-0.00001508
0.00010330,0.00210064,-0.00001344
0.00010340,0.00201954,-0.00001312
0.00010350,0.00189847,-0.00001419
0.00010360,0.00177798,-0.00001662
0.00010370,0.00164041,-0.00002026
0.00010380,0.00132683,-0.00002489
0.00010390,0.00113719,-0.00003021
0.00010400,0.00092862,-0.00003585
0.00010410,0.00070796,-0.00004144
0.00010420,0.00036936,-0.00004662
0.00010430,0.00012222,-0.00005105
0.00010440,-0.00024160,-0.00005443
0.00010450,-0.00066220,-0.00005652
0.00010460,-0.00085640,-0.00005712
0.00010470,-0.00110776,-0.00005606
0.00010480,-0.00125485,-0.00005322
0.00010490,-0.00164268,-0.00004852
0.00010500,-0.00182189,-0.00004192
0.00010510,-0.00187564,-0.00003343
0.00010520,-0.00217382,-0.00002314
0.00010530,-0.00185919,-0.00001122
0.00010540,-0.00169179,0.00000207
0.00010550,-0.00150523,0.00001641
0.00010560,-0.00152403,0.00003140
0.00010570,-0.00164357,0.00004658
0.00010580,-0.00136364,0.00006144
0.00010590,-0.00120761,0.00007546
0.00010600,-0.00093082,0.00008812
0.00010610,-0.00064877,0.00009891
0.00010620,-0.00057498,0.00010739
0.00010630,-0.00012991,0.00011320
0.00010640,0.00013299,0.00011605
0.00010650,0.00045492,0.00011578
0.00010660,0.00055683,0.00011233
0.00010670,0.00082990,0.00010573
0.00010680,0.00101324,0.00009611
0.00010690,0.00099900,0.00008369
0.00010700,0.00119020,0.00006873
0.00010710,0.00110110,0.00005157
0.00010720,0.00107859,0.00003263
0.00010730,0.00106701,0.00001235
0.00010740,0.00066881,-0.00000874
0.00010750,0.00052458,-0.00003007
0.00010760,0.00024747,-0.00005102
0.00010770,0.00004412,-0.00007096
0.00010780,-0.00014228,-0.00008923
0.00010790,-0.00057198,-0.00010522
0.00010800,-0.00062058,-0.00011837
0.00010810,-0.00110158,-0.00012821
0.00010820,-0.00118152,-0.00013440
0.00010830,-0.00118651,-0.00013670
0.00010840,-0.00127946,-0.00013506
0.00010850,-0.00119762,-0.00012954
0.00010860,-0.00118391,-0.00012035
0.00010870,-0.00091655,-0.00010784
0.00010880,-0.00074510,-0.00009244
0.00010890,-0.00031477,-0.00007465
0.00010900,-0.00006345,-0.00005505
0.00010910,0.00027885,-0.00003425
0.00010920,0.00060891,-0.00001284
0.00010930,0.00088123,0.00000854
0.00010940,0.00142341,0.00002927
0.00010950,0.00148613,0.00004879
0.00010960,0.00159433,0.00006653
0.00010970,0.00190128,0.00008203
0.00010980,0.00201063,0.00009489
0.00010990,0.00203099,0.00010484
0.00011000,0.00201057,0.00011171
0.00011010,0.00199800,0.00011543
0.00011020,0.00178914,0.00011607
0.00011030,0.00128953,0.00011374
0.00011040,0.00080865,0.00010865
0.00011050,0.00043611,0.00010105
0.00011060,-0.00004190,0.00009122
0.00011070,-0.00050543,0.00007948
0.00011080,-0.00105758,0.00006615
0.00011090,-0.00147181,0.00005158
0.00011100,-0.00200676,0.00003614
0.00011110,-0.00230545,0.00002021
0.00011120,-0.00284273,0.00000420
0.00011130,-0.00323451,-0.00001149
0.00011140,-0.00343879,-0.00002644
0.00011150,-0.00374915,-0.00004026
0.00011160,-0.00395157,-0.00005258
0.00011170,-0.00405407,-0.00006306
0.00011180,-0.00373649,-0.00007144
0.00011190,-0.00352943,-0.00007755
0.00011200,-0.00312649,-0.00008127
0.00011210,-0.00258033,-0.00008260
0.00011220,-0.00208115,-0.00008156
0.00011230,-0.00151653,-0.00007829
0.00011240,-0.00093805,-0.00007297
0.00011250,-0.00010856,-0.00006582
0.00011260,0.00071583,-0.00005715
0.00011270,0.00135330,-0.00004730
0.00011280,0.00201732,-0.00003665
0.00011290,0.00254808,-0.00002556
0.00011300,0.00320555,-0.00001442
0.00011310,0.00377906,-0.00000359
0.00011320,0.00431890,0.00000660
0.00011330,0.00479781,0.00001587
0.00011340,0.00492858,0.00002397
0.00011350,0.00494834,0.00003070
0.00011360,0.00478930,0.00003595
0.00011370,0.00449574,0.00003963
0.00011380,0.00403164,0.00004174
0.00011390,0.00369363,0.00004232
0.00011400,0.00304333,0.00004146
0.00011410,0.00234559,0.00003932
0.00011420,0.00131065,0.00003604
0.00011430,0.00041612,0.00003181
0.00011440,-0.00019561,0.00002681
0.00011450,-0.00121869,0.00002123
0.00011460,-0.00207260,0.00001526
0.00011470,-0.00294932,0.00000908
0.00011480,-0.00367797,0.00000286
0.00011490,-0.00430423,-0.00000321
0.00011500,-0.00495662,-0.00000896
0.00011510,-0.00520831,-0.00001422
0.00011520,-0.00544598,-0.00001879
0.00011530,-0.00545465,-0.00002250
0.00011540,-0.00541510,-0.00002520
0.00011550,-0.00527992,-0.00002674
0.00011560,-0.00494678,-0.00002703
0.00011570,-0.00441688,-0.00002604
0.00011580,-0.00367734,-0.00002378
0.00011590,-0.00303684,-0.00002035
0.00011600,-0.00222504,-0.00001589
0.00011610,-0.00146290,-0.00001061
0.00011620,-0.00063812,-0.00000472
0.00011630,0.00038815,0.00000151
0.00011640,0.00112596,0.00000785
0.00011650,0.00192916,0.00001404
0.00011660,0.00264239,0.00001987
0.00011670,0.00334621,0.00002515
0.00011680,0.00409129,0.00002974
0.00011690,0.00449391,0.00003352
0.00011700,0.00483204,0.00003640
0.00011710,0.00487436,0.00003831
0.00011720,0.00462548,0.00003920
0.00011730,0.00481187,0.00003904
0.00011740,0.00463343,0.00003780
0.00011750,0.00429280,0.00003548
0.00011760,0.00406575,0.00003212
0.00011770,0.00333896,0.00002780
0.00011780,0.00269043,0.00002263
0.00011790,0.00165211,0.00001675
0.00011800,0.00103470,0.00001034
0.00011810,0.00015989,0.00000357
0.00011820,-0.00078822,-0.00000340
0.00011830,-0.00130135,-0.00001042
0.00011840,-0.00203174,-0.00001738
0.00011850,-0.00261691,-0.00002419
0.00011860,-0.00314154,-0.00003079
0.00011870,-0.00360093,-0.00003712
0.00011880,-0.00386116,-0.00004310
0.00011890,-0.00409510,-0.00004862
0.00011900,-0.00434475,-0.00005355
0.00011910,-0.00421385,-0.00005768
0.00011920,-0.00396961,-0.00006083
0.00011930,-0.00388272,-0.00006280
0.00011940,-0.00346166,-0.00006340
0.00011950,-0.00297948,-0.00006252
0.00011960,-0.00238352,-0.00006008
0.00011970,-0.00171080,-0.00005609
0.00011980,-0.00129477,-0.00005061
0.00011990,-0.00077795,-0.00004376
0.00012000,-0.00013440,-0.00003569
0.00012010,0.00055722,-0.00002661
0.00012020,0.00088938,-0.00001671
0.00012030,0.00150863,-0.00000618
0.00012040,0.00201751,0.00000478
0.00012050,0.00243787,0.00001600
0.00012060,0.00274456,0.00002730
0.00012070,0.00291543,0.00003849
0.00012080,0.00306358,0.00004938
0.00012090,0.00290062,0.00005975
0.00012100,0.00280211,0.00006933
0.00012110,0.00252435,0.00007787
0.00012120,0.00225862,0.00008507
0.00012130,0.00191313,0.00009067
0.00012140,0.00162753,0.00009440
0.00012150,0.00137311,0.00009608
0.00012160,0.00101243,0.00009555
0.00012170,0.00060382,0.00009275
0.00012180,0.00014241,0.00008768
0.00012190,-0.00018357,0.00008043
0.00012200,-0.00070174,0.00007112
0.00012210,-0.00090722,0.00005994
0.00012220,-0.00119918,0.00004709
0.00012230,-0.00138475,0.00003281
0.00012240,-0.00165690,0.00001736
0.00012250,-0.00171044,0.00000100
0.00012260,-0.00169704,-0.00001595
0.00012270,-0.00185664,-0.00003314
0.00012280,-0.00151161,-0.00005020
0.00012290,-0.00169610,-0.00006668
0.00012300,-0.00167723,-0.00008215
0.00012310,-0.00133985,-0.00009610
0.00012320,-0.00143604,-0.00010807
0.00012330,-0.00115513,-0.00011759
0.00012340,-0.00095048,-0.00012428
0.00012350,-0.00049410,-0.00012782
0.00012360,-0.00020929,-0.00012801
0.00012370,-0.00016830,-0.00012475
0.00012380,0.00003903,-0.00011808
0.00012390,0.00011276,-0.00010818
0.00012400,0.00037246,-0.00009529
0.00012410,0.00038832,-0.00007978
0.00012420,0.00047440,-0.00006208
0.00012430,0.00058186,-0.00004266
0.00012440,0.00044721,-0.00002202
0.00012450,0.00064801,-0.00000070
0.00012460,0.00069728,0.00002074
0.00012470,0.00050695,0.00004174
0.00012480,0.00054587,0.00006171
0.00012490,0.00038120,0.00008007
0.00012500,0.00049741,0.00009628
0.00012510,0.00051070,0.00010984
0.00012520,0.00060129,0.00012031
0.00012530,0.00043323,0.00012738
0.00012540,0.00022826,0.00013081
0.00012550,0.00029257,0.00013049
0.00012560,0.00025058,0.00012645
0.00012570,0.00035793,0.00011880
0.00012580,0.00012808,0.00010779
0.00012590,0.00002844,0.00009377
0.00012600,-0.00005013,0.00007716
0.00012610,0.00002729,0.00005849
0.00012620,-0.00012391,0.00003832
0.00012630,-0.00034989,0.00001729
0.00012640,-0.00026020,-0.00000393
0.00012650,-0.00034289,-0.00002466
0.00012660,-0.00049625,-0.00004422
0.00012670,-0.00062943,-0.00006198
0.00012680,-0.00065454,-0.00007738
0.00012690,-0.00076075,-0.00008996
0.00012700,-0.00093505,-0.00009939
0.00012710,-0.00102128,-0.00010546
0.00012720,-0.00094984,-0.00010814
0.00012730,-0.00080424,-0.00010750
0.00012740,-0.00086945,-0.00010375
0.00012750,-0.00088176,-0.00009720
0.00012760,-0.00078956,-0.00008825
0.00012770,-0.00064717,-0.00007737
0.00012780,-0.00038329,-0.00006505
0.00012790,-0.00033767,-0.00005178
0.00012800,-0.00032695,-0.00003803
0.00012810,-0.00019850,-0.00002420
0.00012820,-0.00015313,-0.00001061
0.00012830,0.00003448,0.00000254
0.00012840,0.00009587,0.00001516
0.00012850,0.00032318,0.00002725
0.00012860,0.00028993,0.00003894
0.00012870,0.00048827,0.00005043
0.00012880,0.00056969,0.00006201
0.00012890,0.00062223,0.00007398
0.00012900,0.00065814,0.00008664
0.00012910,0.00061417,0.00010026
0.00012920,0.00069736,0.00011497
0.00012930,0.00072445,0.00013073
0.00012940,0.00065089,0.00014724
0.00012950,0.00057069,0.00016392
0.00012960,0.00051493,0.00017986
0.00012970,0.00039716,0.00019382
0.00012980,0.00028218,0.00020427
0.00012990,-0.00000873,0.00020943
0.00013000,-0.00020650,0.00020743
0.00013010,-0.00011684,0.00019637
0.00013020,-0.00015050,0.00017450
0.00013030,-0.00037949,0.00014034
0.00013040,-0.00036913,0.00009288
0.00013050,-0.00049337,0.00003169
0.00013060,-0.00059962,-0.00004291
0.00013070,-0.00050389,-0.00012980
0.00013080,-0.00056101,-0.00022699
0.00013090,-0.00043471,-0.00033158
0.00013100,-0.00066353,-0.00043981
0.00013110,-0.00077278,-0.00054716
0.00013120,-0.00062015,-0.00064848
0.00013130,-0.00080971,-0.00073819
0.00013140,-0.00053668,-0.00081051
0.00013150,-0.00032888,-0.00085972
0.00013160,-0.00030804,-0.00088047
0.00013170,-0.00006434,-0.00086809
0.00013180,-0.00026978,-0.00081889
0.00013190,-0.00021648,-0.00073045
0.00013200,-0.00020772,-0.00060188
0.00013210,-0.00016995,-0.00043401
0.00013220,0.00001425,-0.00022953
0.00013230,0.00003985,0.00000699
0.00013240,0.00003855,0.00026911
0.00013250,0.00003702,0.00054868
0.00013260,0.00015150,0.00083604
0.00013270,0.00009929,0.00112040
0.00013280,0.00010119,0.00139021
0.00013290,0.00009679,0.00163364
0.00013300,-0.00005319,0.00183910
0.00013310,0.00012976,0.00199575
0.00013320,0.00011748,0.00209399
0.00013330,0.00009448,0.00212593
0.00013340,0.00001425,0.00208579
0.00013350,-0.00019289,0.00197024
0.00013360,-0.00020782,0.00177862
0.00013370,-0.00008095,0.00151309
0.00013380,-0.00016269,0.00117865
0.00013390,-0.00015464,0.00078305
0.00013400,-0.00023315,0.00033660
0.00013410,-0.00056418,-0.00014810
0.00013420,-0.00037601,-0.00065660
0.00013430,-0.00026733,-0.00117302
0.00013440,-0.00028388,-0.00168053
0.00013450,-0.00030717,-0.00216197
0.00013460,-0.00050319,-0.00260039
0.00013470,-0.00050913,-0.00297965
0.00013480,-0.00031537,-0.00328499
0.00013490,-0.00032962,-0.00350352
0.00013500,-0.00017589,-0.00362480
0.00013510,-0.00008624,-0.00364114
0.00013520,-0.00004717,-0.00354798
0.00013530,-0.00021761,-0.00334411
0.00013540,-0.00014026,-0.00303173
0.00013550,-0.00008080,-0.00261651
0.00013560,-0.00002765,-0.00210746
0.00013570,0.00010561,-0.00151675
0.00013580,-0.00011046,-0.00085940
0.00013590,0.00011965,-0.00015290
0.00013600,-0.00001831,0.00058323
0.00013610,0.00009438,0.00132799
0.00013620,-0.00012306,0.00205946
0.00013630,-0.00021166,0.00275543
0.00013640,-0.00025881,0.00339409
0.00013650,-0.00031011,0.00395462
0.00013660,-0.00044292,0.00441793
0.00013670,-0.00052621,0.00476729
0.00013680,-0.00011025,0.00498889
0.00013690,-0.00026404,0.00507243
0.00013700,-0.00017837,0.00501155
0.00013710,-0.00028579,0.00480412
0.00013720,-0.00053609,0.00445252
0.00013730,-0.00032124,0.00396362
0.00013740,-0.00052519,0.00334878
0.00013750,-0.00052749,0.00262354
0.00013760,-0.00043127,0.00180733
0.00013770,-0.00033366,0.00092289
0.00013780,-0.00027408,-0.00000433
0.00013790,-0.00017739,-0.00094689
0.00013800,-0.00027770,-0.00187626
0.00013810,0.00005854,-0.00276366
0.00013820,0.00000966,-0.00358105
0.00013830,0.00015827,-0.00430204
0.00013840,0.00035096,-0.00490285
0.00013850,0.00061162,-0.00536314
0.00013860,0.00073153,-0.00566681
0.00013870,0.00039806,-0.00580264
0.00013880,0.00064711,-0.00576478
0.00013890,0.00059847,-0.00555308
0.00013900,0.00077662,-0.00517319
0.00013910,0.00073835,-0.00463642
0.00013920,0.00068843,-0.00395949
0.00013930,0.00055809,-0.00316393
0.00013940,0.00032279,-0.00227542
0.00013950,0.00035597,-0.00132290
0.00013960,-0.00001065,-0.00033756
0.00013970,-0.00013152,0.00064823
0.00013980,-0.00054999,0.00160208
0.00013990,-0.00076605,0.00249274
0.00014000,-0.00094546,0.00329120
0.00014010,-0.00105945,0.00397174
0.00014020,-0.00135495,0.00451283
0.00014030,-0.00175435,0.00489791
0.00014040,-0.00197943,0.00511596
0.00014050,-0.00214240,0.00516191
0.00014060,-0.00223193,0.00503678
0.00014070,-0.00210846,0.00474761
0.00014080,-0.00201367,0.00430718
0.00014090,-0.00196827,0.00373353
0.00014100,-0.00173943,0.00304926
0.00014110,-0.00157378,0.00228066
0.00014120,-0.00090781,0.00145674
0.00014130,-0.00065328,0.00060815
0.00014140,-0.00044460,-0.00023394
0.00014150,-0.00004916,-0.00103902
0.00014160,0.00035946,-0.00177831
0.00014170,0.00082993,-0.00242583
0.00014180,0.00128830,-0.00295934
0.00014190,0.00184942,-0.00336109
0.00014200,0.00212206,-0.00361841
0.00014210,0.00243315,-0.00372418
0.00014220,0.00267940,-0.00367700
0.00014230,0.00276310,-0.00348121
0.00014240,0.00279680,-0.00314667
0.00014250,0.00269107,-0.00268841
0.00014260,0.00271156,-0.00212603
0.00014270,0.00243651,-0.00148301
0.00014280,0.00242188,-0.00078579
0.00014290,0.00209396,-0.00006281
0.00014300,0.00145888,0.00065651
0.00014310,0.00099686,0.00134289
0.00014320,0.00058960,0.00196828
0.00014330,0.00002190,0.00250688
0.00014340,-0.00064488,0.00293610
0.00014350,-0.00123665,0.00323745
0.00014360,-0.00162970,0.00339722
0.00014370,-0.00209138,0.00340705
0.00014380,-0.00266509,0.00326425
0.00014390,-0.00307405,0.00297200
0.00014400,-0.00341069,0.00253923
0.00014410,-0.00354359,0.00198042
0.00014420,-0.00375493,0.00131506
0.00014430,-0.00373249,0.00056705
0.00014440,-0.00373586,-0.00023620
0.00014450,-0.00351610,-0.00106466
0.00014460,-0.00327220,-0.00188683
0.00014470,-0.00299652,-0.00267083
0.00014480,-0.00258928,-0.00338560
0.00014490,-0.00195935,-0.00400199
0.00014500,-0.00148105,-0.00449391
0.00014510,-0.00103130,-0.00483928
0.00014520,-0.00063751,-0.00502089
0.00014530,0.00008365,-0.00502714
0.00014540,0.00076274,-0.00485252
0.00014550,0.00128354,-0.00449793
0.00014560,0.00182536,-0.00397073
0.00014570,0.00229320,-0.00328461
0.00014580,0.00287633,-0.00245917
0.00014590,0.00322908,-0.00151933
0.00014600,0.00336887,-0.00049453
0.00014610,0.00362692,0.00058231
0.00014620,0.00375689,0.00167582
0.00014630,0.00358223,0.00274947
0.00014640,0.00338462,0.00376676
0.00014650,0.00314175,0.00469252
0.00014660,0.00273484,0.00549411
0.00014670,0.00237808,0.00614260
0.00014680,0.00177426,0.00661376
0.00014690,0.00132865,0.00688896
0.00014700,0.00066400,0.00695583
0.00014710,0.00019461,0.00680880
0.00014720,-0.00045347,0.00644934
0.00014730,-0.00106765,0.00588599
0.00014740,-0.00147774,0.00513414
0.00014750,-0.00222983,0.00421558
0.00014760,-0.00241697,0.00315779
0.00014770,-0.00293694,0.00199306
0.00014780,-0.00327315,0.00075738
0.00014790,-0.00349207,-0.00051074
0.00014800,-0.00360805,-0.00177159
0.00014810,-0.00344155,-0.00298560
0.00014820,-0.00331985,-0.00411464
0.00014830,-0.00306942,-0.00512336
0.00014840,-0.00281461,-0.00598030
0.00014850,-0.00248644,-0.00665900
0.00014860,-0.00201364,-0.00713882
0.00014870,-0.00145287,-0.00740565
0.00014880,-0.00101051,-0.00745231
0.00014890,-0.00046813,-0.00727884
0.00014900,-0.00012371,-0.00689240
0.00014910,0.00036737,-0.00630701
0.00014920,0.00087743,-0.00554306
0.00014930,0.00125399,-0.00462655
0.00014940,0.00172674,-0.00358818
0.00014950,0.00182823,-0.00246220
0.00014960,0.00208077,-0.00128528
0.00014970,0.00215607,-0.00009510
0.00014980,0.00228525,0.00107089
0.00014990,0.00244021,0.00217681
0.00015000,0.00229034,0.00318958
0.00015010,0.00195338,0.00407996
0.00015020,0.00187987,0.00482349
0.00015030,0.00167163,0.00540122
0.00015040,0.00128504,0.00580014
0.00015050,0.00102400,0.00601350
0.00015060,0.00063233,0.00604081
0.00015070,0.00027540,0.00588766
0.00015080,-0.00031384,0.00556535
0.00015090,-0.00077819,0.00509031
0.00015100,-0.00095189,0.00448336
0.00015110,-0.00140936,0.00376886
0.00015120,-0.00149140,0.00297374
0.00015130,-0.00171998,0.00212655
0.00015140,-0.00180791,0.00125637
0.00015150,-0.00181277,0.00039186
0.00015160,-0.00208928,-0.00043968
0.00015170,-0.00193767,-0.00121319
0.00015180,-0.00185478,-0.00190660
0.00015190,-0.00161340,-0.00250142
0.00015200,-0.00162733,-0.00298318
0.00015210,-0.00131324,-0.00334180
0.00015220,-0.00103832,-0.00357168
0.00015230,-0.00082921,-0.00367171
0.00015240,-0.00065096,-0.00364514
0.00015250,-0.00043223,-0.00349930
0.00015260,-0.00000475,-0.00324516
0.00015270,0.00007833,-0.00289688
0.00015280,0.00055281,-0.00247121
0.00015290,0.00072419,-0.00198688
0.00015300,0.00085177,-0.00146389
0.00015310,0.00108997,-0.00092284
0.00015320,0.00109173,-0.00038423
0.00015330,0.00129920,0.00013224
0.00015340,0.00113085,0.00060831
0.00015350,0.00111565,0.00102776
0.00015360,0.00103743,0.00137694
0.00015370,0.00080513,0.00164521
0.00015380,0.00073268,0.00182524
0.00015390,0.00070018,0.00191324
0.00015400,0.00034629,0.00190900
0.00015410,0.00012430,0.00181580
0.00015420,-0.00002548,0.00164030
0.00015430,-0.00037520,0.00139217
0.00015440,-0.00063741,0.00108373
0.00015450,-0.00093857,0.00072947
0.00015460,-0.00098477,0.00034546
0.00015470,-0.00094995,-0.00005122
0.00015480,-0.00115966,-0.00044315
0.00015490,-0.00099406,-0.00081327
0.00015500,-0.00108183,-0.00114546
0.00015510,-0.00124910,-0.00142522
0.00015520,-0.00115004,-0.00164024
0.00015530,-0.00108573,-0.00178087
0.00015540,-0.00089218,-0.00184052
0.00015550,-0.00090345,-0.00181591
0.00015560,-0.00079747,-0.00170719
0.00015570,-0.00059371,-0.00151796
0.00015580,-0.00052916,-0.00125508
0.00015590,-0.00031392,-0.00092842
0.00015600,-0.00040554,-0.00055044
0.00015610,-0.00038297,-0.00013571
0.00015620,-0.00017117,0.00029973
0.00015630,0.00005873,0.00073897
0.00015640,0.00038653,0.00116495
0.00015650,0.00019626,0.00156111
0.00015660,0.00034301,0.00191206
0.00015670,0.00037107,0.00220421
0.00015680,0.00043744,0.00242623
0.00015690,0.00052978,0.00256949
0.00015700,0.00032781,0.00262837
0.00015710,0.00052966,0.00260042
0.00015720,0.00056810,0.00248638
0.00015730,0.00044810,0.00229009
0.00015740,0.00033108,0.00201830
0.00015750,0.00031012,0.00168031
0.00015760,0.00033680,0.00128758
0.00015770,0.00014469,0.00085321
0.00015780,0.00009037,0.00039144
0.00015790,0.00010305,-0.00008291
0.00015800,0.00008644,-0.00055501
0.00015810,-0.00007893,-0.00101052
0.00015820,-0.00003008,-0.00143606
0.00015830,0.00002438,-0.00181961
0.00015840,-0.00003334,-0.00215089
0.00015850,0.00003915,-0.00242155
0.00015860,-0.00024133,-0.00262537
0.00015870,-0.00046535,-0.00275830
0.00015880,-0.00057438,-0.00281848
0.00015890,-0.00063870,-0.00280614
0.00015900,-0.00043633,-0.00272346
0.00015910,-0.00040079,-0.00257437
0.00015920,-0.00055546,-0.00236435
0.00015930,-0.00071342,-0.00210014
0.00015940,-0.00072713,-0.00178952
0.00015950,-0.00067570,-0.00144098
0.00015960,-0.00054040,-0.00106354
0.00015970,-0.00033820,-0.00066646
0.00015980,-0.00030911,-0.00025908
0.00015990,-0.00021003,0.00014941
0.00016000,-0.00024106,0.00055012
0.00016010,-0.00017434,0.00093462
0.00016020,-0.00005892,0.00129507
0.00016030,-0.00020121,0.00162434
0.00016040,-0.00003306,0.00191608
0.00016050,-0.00008429,0.00216485
0.00016060,0.00003360,0.00236609
0.00016070,0.00002129,0.00251625
0.00016080,0.00022624,0.00261277
0.00016090,0.00023623,0.00265413
0.00016100,0.00022766,0.00263985
0.00016110,0.00021798,0.00257046
0.00016120,0.00009556,0.00244756
0.00016130,0.00009073,0.00227369
0.00016140,0.00017001,0.00205241
0.00016150,0.00015771,0.00178813
0.00016160,-0.00005282,0.00148613
0.00016170,0.00003199,0.00115242
0.00016180,-0.00003160,0.00079360
0.00016190,0.00002279,0.00041677
0.00016200,-0.00001703,0.00002936
0.00016210,-0.00007828,-0.00036107
0.00016220,-0.00027666,-0.00074690
0.00016230,-0.00031518,-0.00112068
0.00016240,-0.00012316,-0.00147517
0.00016250,-0.00027326,-0.00180347
0.00016260,-0.00003242,-0.00209910
0.00016270,-0.00016818,-0.00235604
0.00016280,-0.00021798,-0.00256880
0.00016290,-0.00020403,-0.00273250
0.00016300,-0.00023679,-0.00284290
0.00016310,-0.00027029,-0.00289655
0.00016320,0.00000862,-0.00289084
0.00016330,0.00007991,-0.00282414
0.00016340,-0.00019659,-0.00269584
0.00016350,-0.00032284,-0.00250653
0.00016360,-0.00035155,-0.00225803
0.00016370,-0.00015608,-0.00195346
0.00016380,-0.00010598,-0.00159730
0.00016390,-0.00001500,-0.00119539
0.00016400,0.00004765,-0.00075488
0.00016410,-0.00013336,-0.00028419
0.00016420,-0.00013893,0.00020709
0.00016430,-0.00002065,0.00070837
0.00016440,0.00003240,0.00120824
0.00016450,-0.00005334,0.00169468
0.00016460,-0.00002988,0.00215535
0.00016470,0.00013978,0.00257788
0.00016480,0.00011311,0.00295024
0.00016490,-0.00003250,0.00326112
0.00016500,-0.00017802,0.00350025
0.00016510,-0.00028963,0.00365886
0.00016520,-0.00012065,0.00372994
0.00016530,-0.00013950,0.00370862
0.00016540,-0.00008353,0.00359237
0.00016550,-0.00031716,0.00338122
0.00016560,-0.00035612,0.00307783
0.00016570,-0.00025616,0.00268760
0.00016580,-0.00027941,0.00221855
0.00016590,-0.00023125,0.00168121
0.00016600,-0.00034179,0.00108838
0.00016610,-0.00013053,0.00045483
0.00016620,-0.00018544,-0.00020311
0.00016630,-0.00030555,-0.00086801
0.00016640,-0.00019482,-0.00152180
0.00016650,-0.00018540,-0.00214635
0.00016660,-0.00011809,-0.00272392
0.00016670,-0.00033086,-0.00323776
0.00016680,-0.00024642,-0.00367257
0.00016690,-0.00005251,-0.00401503
0.00016700,-0.00012603,-0.00425419
0.00016710,-0.00018625,-0.00438187
0.00016720,-0.00017022,-0.00439297
0.00016730,-0.00011945,-0.00428564
0.00016740,0.00004893,-0.00406143
0.00016750,0.00005020,-0.00372527
0.00016760,0.00001518,-0.00328534
0.00016770,0.00004429,-0.00275294
0.00016780,0.00017339,-0.00214208
0.00016790,0.00021457,-0.00146920
0.00016800,0.00009240,-0.00075264
0.00016810,-0.00000661,-0.00001212
0.00016820,0.00003439,0.00073176
0.00016830,0.00005209,0.00145816
0.00016840,-0.00023219,0.00214660
0.00016850,-0.00005003,0.00277752
0.00016860,0.00001411,0.00333290
0.00016870,-0.00018542,0.00379682
0.00016880,-0.00028864,0.00415591
0.00016890,-0.00030932,0.00439986
0.00016900,-0.00033754,0.00452169
0.00016910,-0.00033955,0.00451803
0.00016920,-0.00059584,0.00438920
0.00016930,-0.00064696,0.00413922
0.00016940,-0.00067137,0.00377565
0.00016950,-0.00073667,0.00330936
0.00016960,-0.00062499,0.00275420
0.00016970,-0.00078502,0.00212653
0.00016980,-0.00069799,0.00144474
0.00016990,-0.00061089,0.00072868
0.00017000,-0.00037253,-0.00000094
0.00017010,-0.00036745,-0.00072315
0.00017020,-0.00052953,-0.00141739
0.00017030,-0.00042365,-0.00206406
0.00017040,-0.00041112,-0.00264517
0.00017050,-0.00028413,-0.00314480
0.00017060,0.00001518,-0.00354961
0.00017070,0.00017433,-0.00384920
0.00017080,0.00019182,-0.00403639
0.00017090,0.00024506,-0.00410743
0.00017100,0.00032404,-0.00406204
0.00017110,0.00051513,-0.00390339
0.00017120,0.00076595,-0.00363797
0.00017130,0.00085236,-0.00327531
0.00017140,0.00095787,-0.00282763
0.00017150,0.00085354,-0.00230946
0.00017160,0.00078106,-0.00173712
0.00017170,0.00070376,-0.00112819
0.00017180,0.00061353,-0.00050097
0.00017190,0.00059250,0.00012608
0.00017200,0.00048144,0.00073491
0.00017210,0.00030829,0.00130839
0.00017220,0.00013723,0.00183082
0.00017230,-0.00022533,0.00228835
0.00017240,-0.00053783,0.00266937
0.00017250,-0.00069365,0.00296476
0.00017260,-0.00082777,0.00316817
0.00017270,-0.00107008,0.00327613
0.00017280,-0.00100214,0.00328805
0.00017290,-0.00111027,0.00320624
0.00017300,-0.00128950,0.00303574
0.00017310,-0.00145579,0.00278408
0.00017320,-0.00143700,0.00246106
0.00017330,-0.00144945,0.00207829
0.00017340,-0.00127749,0.00164886
0.00017350,-0.00110864,0.00118688
0.00017360,-0.00107771,0.00070696
0.00017370,-0.00092564,0.00022382
0.00017380,-0.00087503,-0.00024825
0.00017390,-0.00063149,-0.00069575
0.00017400,-0.00030323,-0.00110643
0.00017410,-0.00032498,-0.00146958
0.00017420,0.00017359,-0.00177630
0.00017430,0.00035664,-0.00201977
0.00017440,0.00066330,-0.00219533
0.00017450,0.00102206,-0.00230054
0.00017460,0.00122851,-0.00233523
0.00017470,0.00154672,-0.00230132
0.00017480,0.00143872,-0.00220279
0.00017490,0.00162787,-0.00204537
0.00017500,0.00153038,-0.00183641
0.00017510,0.00142544,-0.00158450
0.00017520,0.00159603,-0.00129919
0.00017530,0.00153725,-0.00099066
0.00017540,0.00150711,-0.00066932
0.00017550,0.00124180,-0.00034549
0.00017560,0.00097936,-0.00002903
0.00017570,0.00043541,0.00027093
0.00017580,0.00029091,0.00054631
0.00017590,-0.00012107,0.00079024
0.00017600,-0.00048700,0.00099726
0.00017610,-0.00087983,0.00116341
0.00017620,-0.00116815,0.00128625
0.00017630,-0.00137323,0.00136486
0.00017640,-0.00155753,0.00139979
0.00017650,-0.00154820,0.00139290
0.00017660,-0.00203171,0.00134722
0.00017670,-0.00203378,0.00126680
0.00017680,-0.00185912,0.00115646
0.00017690,-0.00211911,0.00102165
0.00017700,-0.00217468,0.00086822
0.00017710,-0.00198296,0.00070220
0.00017720,-0.00183766,0.00052958
0.00017730,-0.00142680,0.00035611
0.00017740,-0.00143193,0.00018713
0.00017750,-0.00106353,0.00002737
0.00017760,-0.00080843,-0.00011915
0.00017770,-0.00060510,-0.00024920
0.00017780,-0.00010539,-0.00036043
0.00017790,0.00009001,-0.00045132
0.00017800,0.00064906,-0.00052123
0.00017810,0.00093191,-0.00057026
0.00017820,0.00129734,-0.00059926
0.00017830,0.00136671,-0.00060968
0.00017840,0.00164480,-0.00060345
0.00017850,0.00175474,-0.00058289
0.00017860,0.00180586,-0.00055057
0.00017870,0.00184381,-0.00050919
0.00017880,0.00174749,-0.00046151
0.00017890,0.00170077,-0.00041016
0.00017900,0.00165882,-0.00035762
0.00017910,0.00141313,-0.00030608
0.00017920,0.00112416,-0.00025736
0.00017930,0.00076235,-0.00021288
0.00017940,0.00050478,-0.00017361
0.00017950,0.00028921,-0.00014005
0.00017960,-0.00003973,-0.00011226
0.00017970,-0.00029616,-0.00008988
0.00017980,-0.00083617,-0.00007215
0.00017990,-0.00106613,-0.00005804
0.00018000,-0.00136247,-0.00004624
0.00018010,-0.00152542,-0.00003534
0.00018020,-0.00174792,-0.00002384
0.00018030,-0.00195559,-0.00001031
0.00018040,-0.00207682,0.00000657
0.00018050,-0.00226216,0.00002787
0.00018060,-0.00215077,0.00005440
0.00018070,-0.00219677,0.00008665
0.00018080,-0.00203552,0.00012470
0.00018090,-0.00183955,0.00016829
0.00018100,-0.00155151,0.00021670
0.00018110,-0.00120006,0.00026884
0.00018120,-0.00101723,0.00032324
0.00018130,-0.00063417,0.00037806
0.00018140,-0.00031405,0.00043121
0.00018150,-0.00006070,0.00048036
0.00018160,0.00028029,0.00052307
0.00018170,0.00080769,0.00055687
0.00018180,0.00107503,0.00057941
0.00018190,0.00126345,0.00058851
0.00018200,0.00138509,0.00058233
0.00018210,0.00129592,0.00055941
0.00018220,0.00145959,0.00051877
0.00018230,0.00137495,0.00045999
0.00018240,0.00151865,0.00038323
0.00018250,0.00137221,0.00028929
0.00018260,0.00119268,0.00017960
0.00018270,0.00091452,0.00005623
0.00018280,0.00067660,-0.00007816
0.00018290,0.00068987,-0.00022038
0.00018300,0.00035029,-0.00036674
0.00018310,0.00029697,-0.00051316
0.00018320,0.00006384,-0.00065530
0.00018330,-0.00006707,-0.00078862
0.00018340,-0.00017628,-0.00090856
0.00018350,-0.00054962,-0.00101062
0.00018360,-0.00079808,-0.00109055
0.00018370,-0.00094508,-0.00114443
0.00018380,-0.00105073,-0.00116884
0.00018390,-0.00124376,-0.00116098
0.00018400,-0.00123923,-0.00111874
0.00018410,-0.00132388,-0.00104086
0.00018420,-0.00125381,-0.00092694
0.00018430,-0.00117342,-0.00077760
0.00018440,-0.00128201,-0.00059446
0.00018450,-0.00109079,-0.00038027
0.00018460,-0.00095741,-0.00013889
0.00018470,-0.00095257,0.00012466
0.00018480,-0.00071634,0.00040421
0.00018490,-0.00049539,0.00069254
0.00018500,-0.00045074,0.00098138
0.00018510,-0.00038047,0.00126165
0.00018520,-0.00022458,0.00152360
0.00018530,-0.00001976,0.00175711
0.00018540,0.00013913,0.00195199
0.00018550,0.00032807,0.00209833
0.00018560,0.00030488,0.00218695
0.00018570,0.00042446,0.00220978
0.00018580,0.00055579,0.00216031
0.00018590,0.00057625,0.00203401
0.00018600,0.00055312,0.00182870
0.00018610,0.00070963,0.00154486
0.00018620,0.00075864,0.00118593
0.00018630,0.00060863,0.00075840
0.00018640,0.00054216,0.00027187
0.00018650,0.00027552,-0.00026102
0.00018660,0.00035413,-0.00082482
0.00018670,0.00013867,-0.00140168
0.00018680,0.00025240,-0.00197178
0.00018690,0.00009923,-0.00251403
0.00018700,-0.00024599,-0.00300679
0.00018710,-0.00019893,-0.00342868
0.00018720,-0.00040284,-0.00375949
0.00018730,-0.00041127,-0.00398106
0.00018740,-0.00038191,-0.00407813
0.00018750,-0.00042322,-0.00403913
0.00018760,-0.00060278,-0.00385691
0.00018770,-0.00058514,-0.00352925
0.00018780,-0.00081505,-0.00305922
0.00018790,-0.00076951,-0.00245537
0.00018800,-0.00070552,-0.00173167
0.00018810,-0.00070459,-0.00090723
0.00018820,-0.00068353,-0.00000581
0.00018830,-0.00066062,0.00094489
0.00018840,-0.00072839,0.00191409
0.00018850,-0.00083507,0.00286897
0.00018860,-0.00046282,0.00377583
0.00018870,-0.00069075,0.00460126
0.00018880,-0.00033251,0.00531341
0.00018890,-0.00023987,0.00588321
0.00018900,-0.00021672,0.00628546
0.00018910,-0.00007999,0.00649992
0.00018920,-0.00030346,0.00651213
0.00018930,-0.00005401,0.00631408
0.00018940,0.00009698,0.00590465
0.00018950,0.00041861,0.00528988
0.00018960,0.00038121,0.00448286
0.00018970,0.00061911,0.00350352
0.00018980,0.00059388,0.00237804
0.00018990,0.00066707,0.00113816
0.00019000,0.00091936,-0.00017983
0.00019010,0.00100531,-0.00153622
0.00019020,0.00092910,-0.00288908
0.00019030,0.00079405,-0.00419570
0.00019040,0.00088111,-0.00541390
0.00019050,0.00060760,-0.00650344
0.00019060,0.00049381,-0.00742735
0.00019070,0.00036463,-0.00815317
0.00019080,-0.00005039,-0.00865404
0.00019090,-0.00018251,-0.00890962
0.00019100,-0.00037097,-0.00890684
0.00019110,-0.00044412,-0.00864034
0.00019120,-0.00068773,-0.00811276
0.00019130,-0.00104672,-0.00733470
0.00019140,-0.00108285,-0.00632455
0.00019150,-0.00135287,-0.00510796
0.00019160,-0.00155235,-0.00371719
0.00019170,-0.00167041,-0.00219014
0.00019180,-0.00180381,-0.00056935
0.00019190,-0.00177040,0.00109932
0.00019200,-0.00170079,0.00276798
0.00019210,-0.00165666,0.00438812
0.00019220,-0.00156801,0.00591210
0.00019230,-0.00135222,0.00729450
0.00019240,-0.00110008,0.00849353
0.00019250,-0.00077023,0.00947225
0.00019260,-0.00054540,0.01019972
0.00019270,-0.00021838,0.01065190
0.00019280,-0.00010401,0.01081241
0.00019290,0.00045390,0.01067307
0.00019300,0.00066876,0.01023415
0.00019310,0.00103515,0.00950450
0.00019320,0.00158152,0.00850129
0.00019330,0.00156985,0.00724965
0.00019340,0.00151685,0.00578200
0.00019350,0.00142413,0.00413720
0.00019360,0.00155712,0.00235952
0.00019370,0.00142332,0.00049739
0.00019380,0.00150121,-0.00139788
0.00019390,0.00139355,-0.00327361
0.00019400,0.00125853,-0.00507716
0.00019410,0.00109822,-0.00675752
0.00019420,0.00081828,-0.00826675
0.00019430,0.00071166,-0.00956139
0.00019440,0.00035640,-0.01060372
0.00019450,0.00009781,-0.01136293
0.00019460,-0.00011620,-0.01181601
0.00019470,-0.00035891,-0.01194847
0.00019480,-0.00073230,-0.01175481
0.00019490,-0.00114325,-0.01123865
0.00019500,-0.00157086,-0.01041276
0.00019510,-0.00166179,-0.00929862
0.00019520,-0.00183575,-0.00792595
0.00019530,-0.00211782,-0.00633180
0.00019540,-0.00217457,-0.00455959
0.00019550,-0.00227376,-0.00265788
0.00019560,-0.00209840,-0.00067899
0.00019570,-0.00208085,0.00132245
0.00019580,-0.00188435,0.00329105
0.00019590,-0.00170182,0.00517227
0.00019600,-0.00133652,0.00691394
0.00019610,-0.00093201,0.00846775
0.00019620,-0.00097032,0.00979067
0.00019630,-0.00057665,0.01084617
0.00019640,-0.00041674,0.01160526
0.00019650,0.00004133,0.01204735
0.00019660,0.00056729,0.01216080
0.00019670,0.00069744,0.01194326
0.00019680,0.00100564,0.01140169
0.00019690,0.00105174,0.01055218
0.00019700,0.00125125,0.00941940
0.00019710,0.00149852,0.00803592
0.00019720,0.00155742,0.00644119
0.00019730,0.00151713,0.00468046
0.00019740,0.00127266,0.00280342
0.00019750,0.00126560,0.00086276
0.00019760,0.00115866,-0.00108733
0.00019770,0.00087420,-0.00299272
0.00019780,0.00058578,-0.00480089
0.00019790,0.00029519,-0.00646249
0.00019800,-0.00001777,-0.00793267
0.00019810,-0.00028351,-0.00917240
0.00019820,-0.00033613,-0.01014958
0.00019830,-0.00056469,-0.01083989
0.00019840,-0.00088814,-0.01122745
0.00019850,-0.00106371,-0.01130521
0.00019860,-0.00118211,-0.01107503
0.00019870,-0.00137287,-0.01054755
0.00019880,-0.00133533,-0.00974174
0.00019890,-0.00132396,-0.00868424
0.00019900,-0.00142345,-0.00740847
0.00019910,-0.00106659,-0.00595357
0.00019920,-0.00092237,-0.00436313
0.00019930,-0.00071464,-0.00268386
0.00019940,-0.00061129,-0.00096417
0.00019950,-0.00035631,0.00074731
0.00019960,-0.00009740,0.00240317
0.00019970,-0.00001862,0.00395858
0.00019980,0.00030983,0.00537257
0.00019990,0.00045994,0.00660918
0.00020000,0.00069358,0.00763838
0.00020010,0.00085268,0.00843687
0.00020020,0.00100772,0.00898857
0.00020030,0.00104733,0.00928489
0.00020040,0.00094879,0.00932485
0.00020050,0.00099695,0.00911480
0.00020060,0.00078752,0.00866807
0.00020070,0.00072441,0.00800431
0.00020080,0.00060393,0.00714870
0.00020090,0.00027539,0.00613098
0.00020100,0.00008255,0.00498443
0.00020110,-0.00017632,0.00374473
0.00020120,-0.00034689,0.00244884
0.00020130,-0.00060915,0.00113382
0.00020140,-0.00085020,-0.00016421
0.00020150,-0.00103561,-0.00141109
0.00020160,-0.00143229,-0.00257555
0.00020170,-0.00166371,-0.00362993
0.00020180,-0.00187727,-0.00455089
0.00020190,-0.00209772,-0.00531978
0.00020200,-0.00218787,-0.00592300
0.00020210,-0.00224038,-0.00635209
0.00020220,-0.00213773,-0.00660373
0.00020230,-0.00199090,-0.00667947
0.00020240,-0.00166534,-0.00658547
0.00020250,-0.00153891,-0.00633201
0.00020260,-0.00143671,-0.00593294
0.00020270,-0.00097146,-0.00540509
0.00020280,-0.00078335,-0.00476766
0.00020290,-0.00023147,-0.00404147
0.00020300,0.00029178,-0.00324842
0.00020310,0.00083517,-0.00241077
0.00020320,0.00131919,-0.00155061
0.00020330,0.00170015,-0.00068931
0.00020340,0.00203944,0.00015295
0.00020350,0.00232499,0.00095756
0.00020360,0.00248647,0.00170778
0.00020370,0.00269277,0.00238903
0.00020380,0.00263062,0.00298901
0.00020390,0.00272546,0.00349779
0.00020400,0.00259895,0.00390792
0.00020410,0.00260511,0.00421435
0.00020420,0.00213887,0.00441439
0.00020430,0.00154673,0.00450762
0.00020440,0.00138616,0.00449580
0.00020450,0.00092394,0.00438268
0.00020460,0.00057242,0.00417389
0.00020470,-0.00010887,0.00387674
0.00020480,-0.00058882,0.00350004
0.00020490,-0.00122511,0.00305394
0.00020500,-0.00169764,0.00254969
0.00020510,-0.00192820,0.00199950
0.00020520,-0.00232048,0.00141626
0.00020530,-0.00278932,0.00081339
0.00020540,-0.00301618,0.00020458
0.00020550,-0.00320268,-0.00039646
0.00020560,-0.00336608,-0.00097620
0.00020570,-0.00298855,-0.00152163
0.00020580,-0.00314728,-0.00202050
0.00020590,-0.00292481,-0.00246163
0.00020600,-0.00271780,-0.00283520
0.00020610,-0.00227738,-0.00313306
0.00020620,-0.00193363,-0.00334893
0.00020630,-0.00166019,-0.00347863
0.00020640,-0.00137312,-0.00352021
0.00020650,-0.00074639,-0.00347407
0.00020660,-0.00016949,-0.00334290
0.00020670,0.00028106,-0.00313169
0.00020680,0.00083664,-0.00284752
0.00020690,0.00127378,-0.00249938
0.00020700,0.00174602,-0.00209789
0.00020710,0.00186223,-0.00165498
0.00020720,0.00201809,-0.00118346
0.00020730,0.00212175,-0.00069661
0.00020740,0.00232428,-0.00020777
0.00020750,0.00245451,0.00027017
0.00020760,0.00234582,0.00072513
0.00020770,0.00220482,0.00114629
0.00020780,0.00182085,0.00152437
0.00020790,0.00173135,0.00185190
0.00020800,0.00121203,0.00212341
0.00020810,0.00119336,0.00233549
0.00020820,0.00081732,0.00248675
0.00020830,0.00042945,0.00257777
0.00020840,0.00004049,0.00261083
0.00020850,-0.00027650,0.00258976
0.00020860,-0.00054925,0.00251955
0.00020870,-0.00102339,0.00240606
0.00020880,-0.00115725,0.00225572
0.00020890,-0.00136264,0.00207512
0.00020900,-0.00143961,0.00187079
0.00020910,-0.00155710,0.00164888
0.00020920,-0.00157212,0.00141494
0.00020930,-0.00168105,0.00117374
0.00020940,-0.00166960,0.00092914
0.00020950,-0.00165999,0.00068400
0.00020960,-0.00152114,0.00044019
0.00020970,-0.00124972,0.00019866
0.00020980,-0.00117008,-0.00004050
0.00020990,-0.00089830,-0.00027781
0.00021000,-0.00073151,-0.00051423
0.00021010,-0.00044677,-0.00075090
0.00021020,-0.00026530,-0.00098883
0.00021030,0.00008407,-0.00122864
0.00021040,0.00037563,-0.00147026
0.00021050,0.00032455,-0.00171276
0.00021060,0.00048482,-0.00195409
0.00021070,0.00052721,-0.00219101
0.00021080,0.00070471,-0.00241903
0.00021090,0.00093028,-0.00263248
0.00021100,0.00077461,-0.00282458
0.00021110,0.00089136,-0.00298769
0.00021120,0.00075464,-0.00311355
0.00021130,0.00061351,-0.00319363
0.00021140,0.00047671,-0.00321952
0.00021150,0.00008167,-0.00318330
0.00021160,0.00003454,-0.00307804
0.00021170,-0.00026420,-0.00289812
0.00021180,-0.00027983,-0.00263974
0.00021190,-0.00038144,-0.00230119
0.00021200,-0.00048423,-0.00188317
0.00021210,-0.00055911,-0.00138903
0.00021220,-0.00083134,-0.00082487
0.00021230,-0.00067070,-0.00019957
0.00021240,-0.00088260,0.00047531
0.00021250,-0.00089080,0.00118573
0.00021260,-0.00115708,0.00191549
0.00021270,-0.00114585,0.00264666
0.00021280,-0.00110036,0.00336008
0.00021290,-0.00124300,0.00403595
0.00021300,-0.00089160,0.00465440
0.00021310,-0.00099494,0.00519621
0.00021320,-0.00083184,0.00564332
0.00021330,-0.00069675,0.00597950
0.00021340,-0.00048746,0.00619086
0.00021350,-0.00007894,0.00626634
0.00021360,-0.00014113,0.00619808
0.00021370,0.00009935,0.00598176
0.00021380,0.00036746,0.00561683
0.00021390,0.00051666,0.00510655
0.00021400,0.00040228,0.00445809
0.00021410,0.00039098,0.00368234
0.00021420,0.00062622,0.00279373
0.00021430,0.00055092,0.00180995
0.00021440,0.00058751,0.00075152
0.00021450,0.00068914,-0.00035868
0.00021460,0.00065454,-0.00149590
0.00021470,0.00070364,-0.00263416
0.00021480,0.00062341,-0.00374682
0.00021490,0.00053266,-0.00480726
0.00021500,0.00050345,-0.00578950
0.00021510,0.00043273,-0.00666884
0.00021520,0.00037332,-0.00742243
0.00021530,0.00024910,-0.00802987
0.00021540,0.00012942,-0.00847369
0.00021550,-0.00006702,-0.00873985
0.00021560,-0.00020003,-0.00881807
0.00021570,-0.00027813,-0.00870219
0.00021580,-0.00038064,-0.00839033
0.00021590,-0.00033857,-0.00788512
0.00021600,-0.00078083,-0.00719360
0.00021610,-0.00097773,-0.00632726
0.00021620,-0.00096553,-0.00530180
0.00021630,-0.00108265,-0.00413688
0.00021640,-0.00107541,-0.00285578
0.00021650,-0.00116279,-0.00148494
0.00021660,-0.00111095,-0.00005344
0.00021670,-0.00099639,0.00140759
0.00021680,-0.00091213,0.00286562
0.00021690,-0.00092525,0.00428745
0.00021700,-0.00094059,0.00563991
0.00021710,-0.00077817,0.00689065
0.00021720,-0.00075228,0.00800890
0.00021730,-0.00059231,0.00896629
0.00021740,-0.00046815,0.00973749
0.00021750,-0.00049097,0.01030098
0.00021760,-0.00019844,0.01063965
0.00021770,-0.00010686,0.01074132
0.00021780,0.00001213,0.01059919
0.00021790,0.00006846,0.01021218
0.00021800,0.00030784,0.00958507
0.00021810,0.00025062,0.00872863
0.00021820,0.00022058,0.00765945
0.00021830,0.00041013,0.00639972
0.00021840,0.00025666,0.00497682
0.00021850,0.00026996,0.00342279
0.00021860,0.00017613,0.00177358
0.00021870,0.00017561,0.00006828
0.00021880,0.00029682,-0.00165188
0.00021890,0.00018992,-0.00334453
0.00021900,0.00023738,-0.00496726
0.00021910,0.00019659,-0.00647879
0.00021920,-0.00008873,-0.00784013
0.00021930,0.00002588,-0.00901563
0.00021940,-0.00011018,-0.00997412
0.00021950,-0.00014428,-0.01068980
0.00021960,-0.00013758,-0.01114307
0.00021970,-0.00008735,-0.01132122
0.00021980,0.00005670,-0.01121885
0.00021990,0.00009525,-0.01083820
0.00022000,-0.00002536,-0.01018915
0.00022010,-0.00024968,-0.00928904
0.00022020,-0.00014490,-0.00816225
0.00022030,-0.00022582,-0.00683956
0.00022040,-0.00005192,-0.00535727
0.00022050,-0.00016976,-0.00375613
0.00022060,-0.00025789,-0.00208021
0.00022070,-0.00037170,-0.00037551
0.00022080,-0.00042425,0.00131137
0.00022090,-0.00055359,0.00293464
0.00022100,-0.00052501,0.00445074
0.00022110,-0.00047096,0.00581962
0.00022120,-0.00043666,0.00700592
0.00022130,-0.00046181,0.00798008
0.00022140,-0.00050532,0.00871915
0.00022150,-0.00047825,0.00920745
0.00022160,-0.00043056,0.00943698
0.00022170,-0.00048839,0.00940761
0.00022180,-0.00066322,0.00912696
0.00022190,-0.00044895,0.00861007
0.00022200,-0.00057985,0.00787880
0.00022210,-0.00060865,0.00696101
0.00022220,-0.00054445,0.00588953
0.00022230,-0.00037767,0.00470104
0.00022240,-0.00040843,0.00343473
0.00022250,-0.00044196,0.00213102
0.00022260,-0.00025770,0.00083019
0.00022270,-0.00012356,-0.00042894
0.00022280,0.00012463,-0.00161026
0.00022290,-0.00021539,-0.00268140
0.00022300,-0.00005601,-0.00361474
0.00022310,-0.00005067,-0.00438816
0.00022320,0.00007201,-0.00498555
0.00022330,-0.00003641,-0.00539718
0.00022340,-0.00020239,-0.00561977
0.00022350,-0.00005518,-0.00565643
0.00022360,-0.00011297,-0.00551626
0.00022370,0.00001229,-0.00521393
0.00022380,-0.00003082,-0.00476891
0.00022390,-0.00004857,-0.00420465
0.00022400,-0.00029014,-0.00354763
0.00022410,-0.00028198,-0.00282633
0.00022420,-0.00028139,-0.00207011
0.00022430,-0.00028764,-0.00130820
0.00022440,-0.00025276,-0.00056859
0.00022450,-0.00025668,0.00012285
0.00022460,-0.00033032,0.00074328
0.00022470,-0.00048479,0.00127353
0.00022480,-0.00038937,0.00169870
0.00022490,-0.00038265,0.00200852
0.00022500,-0.00051712,0.00219754
0.00022510,-0.00036238,0.00226516
0.00022520,-0.00036203,0.00221545
0.00022530,-0.00050641,0.00205687
0.00022540,-0.00039727,0.00180179
0.00022550,-0.00035935,0.00146589
0.00022560,-0.00023538,0.00106750
0.00022570,-0.00027465,0.00062685
0.00022580,-0.00045904,0.00016526
0.00022590,-0.00038730,-0.00029569
0.00022600,-0.00034532,-0.00073499
0.00022610,-0.00031650,-0.00113294
0.00022620,-0.00025441,-0.00147191
0.00022630,-0.00023780,-0.00173697
0.00022640,-0.00003450,-0.00191638
0.00022650,-0.00018178,-0.00200200
0.00022660,-0.00025897,-0.00198952
0.00022670,-0.00020743,-0.00187858
0.00022680,-0.00023786,-0.00167265
0.00022690,-0.00018496,-0.00137891
0.00022700,-0.00035130,-0.00100781
0.00022710,-0.00018007,-0.00057268
0.00022720,-0.00024658,-0.00008911
0.00022730,-0.00023018,0.00042564
0.00022740,-0.00002803,0.00095333
0.00022750,-0.00025771,0.00147543
0.00022760,-0.00006745,0.00197373
0.00022770,-0.00004562,0.00243102
0.00022780,-0.00011612,0.00283164
0.00022790,0.00000859,0.00316194
0.00022800,-0.00022409,0.00341072
0.00022810,-0.00017601,0.00356952
0.00022820,-0.00021188,0.00363279
0.00022830,-0.00022555,0.00359802
0.00022840,-0.00010677,0.00346571
0.00022850,-0.00026229,0.00323923
0.00022860,-0.00016233,0.00292462
0.00022870,-0.00038831,0.00253031
0.00022880,-0.00046780,0.00206676
0.00022890,-0.00042335,0.00154605
0.00022900,-0.00044838,0.00098148
0.00022910,-0.00068647,0.00038715
0.00022920,-0.00083929,-0.00022246
0.00022930,-0.00060522,-0.00083285
0.00022940,-0.00057660,-0.00142987
0.00022950,-0.00055601,-0.00200003
0.00022960,-0.00049089,-0.00253071
0.00022970,-0.00048566,-0.00301045
0.00022980,-0.00044660,-0.00342910
0.00022990,-0.00057890,-0.00377799
0.00023000,-0.00045212,-0.00405002
0.00023010,-0.00041713,-0.00423980
0.00023020,-0.00020866,-0.00434366
0.00023030,-0.00009747,-0.00435969
0.00023040,0.00005804,-0.00428777
0.00023050,0.00003198,-0.00412949
0.00023060,0.00007844,-0.00388818
0.00023070,0.00018176,-0.00356875
0.00023080,0.00012772,-0.00317764
0.00023090,0.00007919,-0.00272269
0.00023100,0.00007314,-0.00221294
0.00023110,0.00006411,-0.00165854
0.00023120,-0.00011120,-0.00107047
0.00023130,-0.00001655,-0.00046039
0.00023140,0.00014225,0.00015961
0.00023150,0.00023783,0.00077729
0.00023160,0.00017132,0.00138047
0.00023170,0.00009850,0.00195730
0.00023180,-0.00003836,0.00249655
0.00023190,-0.00009995,0.00298782
0.00023200,-0.00010481,0.00342175
0.00023210,-0.00009848,0.00379022
0.00023220,0.00001536,0.00408650
0.00023230,-0.00012871,0.00430535
0.00023240,-0.00005521,0.00444313
0.00023250,0.00000364,0.00449781
0.00023260,-0.00015353,0.00446896
0.00023270,-0.00023315,0.00435772
0.00023280,-0.00015811,0.00416674
0.00023290,-0.00029832,0.00390004
0.00023300,-0.00036489,0.00356290
0.00023310,-0.00043661,0.00316174
0.00023320,-0.00034885,0.00270392
0.00023330,-0.00042832,0.00219759
0.00023340,-0.00032854,0.00165154
0.00023350,-0.00028038,0.00107500
0.00023360,-0.00033766,0.00047757
0.00023370,-0.00039486,-0.00013098
0.00023380,-0.00046493,-0.00074074
0.00023390,-0.00050554,-0.00134179
0.00023400,-0.00068706,-0.00192427
0.00023410,-0.00063703,-0.00247850
0.00023420,-0.00065999,-0.00299501
0.00023430,-0.00070661,-0.00346468
0.00023440,-0.00070868,-0.00387879
0.00023450,-0.00055259,-0.00422919
0.00023460,-0.00059422,-0.00450838
0.00023470,-0.00062615,-0.00470967
0.00023480,-0.00050054,-0.00482734
0.00023490,-0.00068251,-0.00485679
0.00023500,-0.00046455,-0.00479471
0.00023510,-0.00040946,-0.00463930
0.00023520,-0.00041408,-0.00439037
0.00023530,-0.00040035,-0.00404956
0.00023540,-0.00049369,-0.00362040
0.00023550,-0.00036418,-0.00310849
0.00023560,-0.00012858,-0.00252148
0.00023570,0.00002319,-0.00186909
0.00023580,0.00013956,-0.00116302
0.00023590,0.00018912,-0.00041682
0.00023600,0.00027417,0.00035434
0.00023610,0.00035510,0.00113398
0.00023620,0.00020531,0.00190470
0.00023630,0.00036694,0.00264861
0.00023640,0.00038220,0.00334778
0.00023650,0.00038063,0.00398482
0.00023660,0.00037957,0.00454330
0.00023670,0.00026880,0.00500834
0.00023680,0.00021466,0.00536703
0.00023690,0.00020314,0.00560888
0.00023700,-0.00006996,0.00572616
0.00023710,-0.00021133,0.00571421
0.00023720,-0.00001929,0.00557165
0.00023730,-0.00037041,0.00530046
0.00023740,-0.00059698,0.00490604
0.00023750,-0.00072879,0.00439703
0.00023760,-0.00089889,0.00378519
0.00023770,-0.00101828,0.00308503
0.00023780,-0.00087978,0.00231343
0.00023790,-0.00085102,0.00148914
0.00023800,-0.00063794,0.00063226
0.00023810,-0.00066986,-0.00023639
0.00023820,-0.00068799,-0.00109581
0.00023830,-0.00062232,-0.00192545
0.00023840,-0.00047358,-0.00270576
0.00023850,-0.00013082,-0.00341868
0.00023860,-0.00004056,-0.00404808
0.00023870,0.00015206,-0.00458019
0.00023880,0.00023354,-0.00500384
0.00023890,0.00044529,-0.00531076
0.00023900,0.00050808,-0.00549567
0.00023910,0.00062137,-0.00555635
0.00023920,0.00077363,-0.00549364
0.00023930,0.00078463,-0.00531131
0.00023940,0.00083382,-0.00501587
0.00023950,0.00081824,-0.00461634
0.00023960,0.00059095,-0.00412389
0.00023970,0.00053787,-0.00355154
0.00023980,0.00047653,-0.00291373
0.00023990,0.00027718,-0.00222594
0.00024000,0.00006965,-0.00150428
0.00024010,-0.00030955,-0.00076507
0.00024020,-0.00032936,-0.00002444
0.00024030,-0.00094959,0.00070197
0.00024040,-0.00095314,0.00139941
0.00024050,-0.00124091,0.00205423
0.00024060,-0.00138603,0.00265418
0.00024070,-0.00150125,0.00318857
0.00024080,-0.00179436,0.00364839
0.00024090,-0.00172636,0.00402644
0.00024100,-0.00176667,0.00431736
0.00024110,-0.00150781,0.00451763
0.00024120,-0.00175759,0.00462557
0.00024130,-0.00144892,0.00464122
0.00024140,-0.00111247,0.00456629
0.00024150,-0.00100416,0.00440403
0.00024160,-0.00062482,0.00415905
0.00024170,-0.00039625,0.00383718
0.00024180,-0.00022766,0.00344534
0.00024190,0.00004613,0.00299133
0.00024200,0.00048338,0.00248373
0.00024210,0.00079560,0.00193175
0.00024220,0.00124024,0.00134513
0.00024230,0.00144247,0.00073405
0.00024240,0.00173228,0.00010901
0.00024250,0.00192953,-0.00051920
0.00024260,0.00196939,-0.00113963
0.00024270,0.00207952,-0.00174123
0.00024280,0.00203820,-0.00231299
0.00024290,0.00197451,-0.00284403
0.00024300,0.00196890,-0.00332379
0.00024310,0.00173451,-0.00374214
0.00024320,0.00170431,-0.00408959
0.00024330,0.00132623,-0.00435747
0.00024340,0.00080732,-0.00453813
0.00024350,0.00035952,-0.00462514
0.00024360,-0.00033294,-0.00461355
0.00024370,-0.00068094,-0.00450006
0.00024380,-0.00089233,-0.00428330
0.00024390,-0.00143740,-0.00396396
0.00024400,-0.00188695,-0.00354505
0.00024410,-0.00224229,-0.00303200
0.00024420,-0.00247014,-0.00243279
0.00024430,-0.00276741,-0.00175796
0.00024440,-0.00283795,-0.00102057
0.00024450,-0.00284307,-0.00023603
0.00024460,-0.00294755,0.00057808
0.00024470,-0.00283189,0.00140240
0.00024480,-0.00273380,0.00221620
0.00024490,-0.00232327,0.00299790
0.00024500,-0.00209663,0.00372565
0.00024510,-0.00151746,0.00437795
0.00024520,-0.00114439,0.00493437
0.00024530,-0.00075888,0.00537617
0.00024540,-0.00020271,0.00568703
0.00024550,0.00012952,0.00585366
0.00024560,0.00044423,0.00586635
0.00024570,0.00084974,0.00571948
0.00024580,0.00129716,0.00541186
0.00024590,0.00144990,0.00494697
0.00024600,0.00190411,0.00433304
0.00024610,0.00180998,0.00358297
0.00024620,0.00208251,0.00271411
0.00024630,0.00196455,0.00174787
0.00024640,0.00186336,0.00070920
0.00024650,0.00164995,-0.00037409
0.00024660,0.00142722,-0.00147206
0.00024670,0.00138964,-0.00255357
0.00024680,0.00094302,-0.00358713
0.00024690,0.00078232,-0.00454194
0.00024700,0.00056063,-0.00538882
0.00024710,0.00035669,-0.00610117
0.00024720,0.00016502,-0.00665587
0.00024730,-0.00021818,-0.00703404
0.00024740,-0.00046638,-0.00722168
0.00024750,-0.00061022,-0.00721027
0.00024760,-0.00091427,-0.00699701
0.00024770,-0.00102341,-0.00658508
0.00024780,-0.00110871,-0.00598362
0.00024790,-0.00114693,-0.00520745
0.00024800,-0.00120782,-0.00427679
0.00024810,-0.00102344,-0.00321660
0.00024820,-0.00098049,-0.00205593
0.00024830,-0.00080946,-0.00082706
0.00024840,-0.00079271,0.00043548
0.00024850,-0.00070618,0.00169589
0.00024860,-0.00027998,0.00291822
0.00024870,-0.00014144,0.00406741
0.00024880,0.00008426,0.00511038
0.00024890,0.00011755,0.00601700
0.00024900,0.00020877,0.00676102
0.00024910,0.00022018,0.00732086
0.00024920,0.00017161,0.00768020
0.00024930,0.00021260,0.00782855
0.00024940,0.00023971,0.00776150
0.00024950,0.00018720,0.00748087
0.00024960,0.00007748,0.00699466
0.00024970,-0.00007145,0.00631678
0.00024980,-0.00046630,0.00546669
0.00024990,-0.00063713,0.00446875
0.00025000,-0.00075489,0.00335155
0.00025010,-0.00097143,0.00214704
0.00025020,-0.00120854,0.00088959
0.00025030,-0.00139715,-0.00038499
0.00025040,-0.00155063,-0.00164053
0.00025050,-0.00157431,-0.00284151
0.00025060,-0.00158761,-0.00395411
0.00025070,-0.00147475,-0.00494720
0.00025080,-0.00177368,-0.00579324
0.00025090,-0.00156279,-0.00646908
0.00025100,-0.00135898,-0.00695666
0.00025110,-0.00125178,-0.00724352
0.00025120,-0.00080109,-0.00732320
0.00025130,-0.00073331,-0.00719534
0.00025140,0.00006543,-0.00686573
0.00025150,0.00026697,-0.00634606
0.00025160,0.00059927,-0.00565356
0.00025170,0.00109841,-0.00481043
0.00025180,0.00128204,-0.00384315
0.00025190,0.00180146,-0.00278168
0.00025200,0.00195333,-0.00165850
0.00025210,0.00219146,-0.00050765
0.00025220,0.00236114,0.00063631
0.00025230,0.00237174,0.00173941
0.00025240,0.00244253,0.00276921
0.00025250,0.00240587,0.00369588
0.00025260,0.00220333,0.00449307
0.00025270,0.00196643,0.00513867
0.00025280,0.00160459,0.00561555
0.00025290,0.00147119,0.00591198
0.00025300,0.00114555,0.00602205
0.00025310,0.00049453,0.00594574
0.00025320,0.00021335,0.00568891
0.00025330,-0.00039479,0.00526307
0.00025340,-0.00109214,0.00468493
0.00025350,-0.00146990,0.00397584
0.00025360,-0.00202384,0.00316100
0.00025370,-0.00226770,0.00226864
0.00025380,-0.00252852,0.00132904
0.00025390,-0.00275735,0.00037351
0.00025400,-0.00286923,-0.00056667
0.00025410,-0.00314280,-0.00146124
0.00025420,-0.00315505,-0.00228203
0.00025430,-0.00288848,-0.00300379
0.00025440,-0.00279968,-0.00360502
0.00025450,-0.00260025,-0.00406868
0.00025460,-0.00237372,-0.00438260
0.00025470,-0.00200700,-0.00453991
0.00025480,-0.00141547,-0.00453913
0.00025490,-0.00086985,-0.00438414
0.00025500,-0.00048442,-0.00408398
0.00025510,-0.00006044,-0.00365246
0.00025520,0.00032435,-0.00310758
0.00025530,0.00090922,-0.00247083
0.00025540,0.00132404,-0.00176640
0.00025550,0.00139116,-0.00102023
0.00025560,0.00149321,-0.00025911
0.00025570,0.00178552,0.00049032
0.00025580,0.00200296,0.00120248
0.00025590,0.00207528,0.00185374
0.00025600,0.00203857,0.00242319
0.00025610,0.00190538,0.00289327
0.00025620,0.00172921,0.00325032
0.00025630,0.00141334,0.00348491
0.00025640,0.00108578,0.00359204
0.00025650,0.00078218,0.00357122
0.00025660,0.00054520,0.00342629
0.00025670,0.00023381,0.00316524
0.00025680,-0.00000063,0.00279977
0.00025690,-0.00033550,0.00234478
0.00025700,-0.00070073,0.00181779
0.00025710,-0.00062909,0.00123826
0.00025720,-0.00100953,0.00062688
0.00025730,-0.00119357,0.00000479
0.00025740,-0.00138441,-0.00060711
0.00025750,-0.00157644,-0.00118886
0.00025760,-0.00134032,-0.00172210
0.00025770,-0.00143962,-0.00219060
0.00025780,-0.00126473,-0.00258069
0.00025790,-0.00108453,-0.00288168
0.00025800,-0.00095158,-0.00308610
0.00025810,-0.00063881,-0.00318981
0.00025820,-0.00057007,-0.00319207
0.00025830,-0.00030188,-0.00309546
0.00025840,-0.00007645,-0.00290571
0.00025850,0.00025391,-0.00263137
0.00025860,0.00050466,-0.00228350
0.00025870,0.00053607,-0.00187518
0.00025880,0.00073794,-0.00142102
0.00025890,0.00074326,-0.00093662
0.00025900,0.00085901,-0.00043800
0.00025910,0.00090563,0.00005895
0.00025920,0.00076360,0.00053902
0.00025930,0.00074677,0.00098820
0.00025940,0.00048452,0.00139411
0.00025950,0.00048285,0.00174638
0.00025960,0.00034667,0.00203693
0.00025970,-0.00024066,0.00226016
0.00025980,-0.00051531,0.00241302
0.00025990,-0.00071661,0.00249502
0.00026000,-0.00082236,0.00250810
0.00026010,-0.00113229,0.00245644
0.00026020,-0.00134925,0.00234618
0.00026030,-0.00146119,0.00218509
0.00026040,-0.00160161,0.00198214
0.00026050,-0.00169365,0.00174711
0.00026060,-0.00150654,0.00149010
0.00026070,-0.00154926,0.00122110
0.00026080,-0.00132795,0.00094959
0.00026090,-0.00125852,0.00068415
0.00026100,-0.00121027,0.00043216
0.00026110,-0.00106263,0.00019952
0.00026120,-0.00087649,-0.00000949
0.00026130,-0.00047103,-0.00019228
0.00026140,-0.00021036,-0.00034798
0.00026150,0.00025683,-0.00047733
0.00026160,0.00025347,-0.00058249
0.00026170,0.00050896,-0.00066684
0.00026180,0.00072174,-0.00073463
0.00026190,0.00077783,-0.00079069
0.00026200,0.00110335,-0.00084006
0.00026210,0.00108197,-0.00088763
0.00026220,0.00121338,-0.00093782
0.00026230,0.00107321,-0.00099428
0.00026240,0.00136162,-0.00105963
0.00026250,0.00138680,-0.00113526
0.00026260,0.00132942,-0.00122121
0.00026270,0.00121673,-0.00131614
0.00026280,0.00087461,-0.00141729
0.00026290,0.00070562,-0.00152063
0.00026300,0.00052439,-0.00162102
0.00026310,0.00037759,-0.00171241
0.00026320,0.00018039,-0.00178813
0.00026330,-0.00011594,-0.00184119
0.00026340,-0.00039312,-0.00186464
0.00026350,-0.00066583,-0.00185188
0.00026360,-0.00087647,-0.00179706
0.00026370,-0.00104875,-0.00169531
0.00026380,-0.00118205,-0.00154313
0.00026390,-0.00127834,-0.00133858
0.00026400,-0.00135596,-0.00108148
0.00026410,-0.00137158,-0.00077358
0.00026420,-0.00147593,-0.00041857
0.00026430,-0.00152071,-0.00002212
0.00026440,-0.00149822,0.00040821
0.00026450,-0.00157107,0.00086311
0.00026460,-0.00120757,0.00133174
0.00026470,-0.00125884,0.00180197
0.00026480,-0.00105572,0.00226073
0.00026490,-0.00058459,0.00269438
0.00026500,-0.00069098,0.00308908
0.00026510,-0.00045962,0.00343122
0.00026520,-0.00024295,0.00370783
0.00026530,0.00003749,0.00390706
0.00026540,0.00015290,0.00401856
0.00026550,0.00026246,0.00403388
0.00026560,0.00055542,0.00394691
0.00026570,0.00037275,0.00375415
0.00026580,0.00057175,0.00345505
0.00026590,0.00081770,0.00305220
0.00026600,0.00067250,0.00255143
0.00026610,0.00078975,0.00196187
0.00026620,0.00064150,0.00129576
0.00026630,0.00067492,0.00056833
0.00026640,0.00032339,-0.00020260
0.00026650,0.00020336,-0.00099702
0.00026660,0.00024367,-0.00179328
0.00026670,0.00018001,-0.00256868
0.00026680,0.00025214,-0.00330015
0.00026690,-0.00001352,-0.00396494
0.00026700,0.00001556,-0.00454142
0.00026710,-0.00016786,-0.00500975
0.00026720,-0.00027452,-0.00535261
0.00026730,-0.00036294,-0.00555590
0.00026740,-0.00057068,-0.00560926
0.00026750,-0.00049727,-0.00550662
0.00026760,-0.00064340,-0.00524654
0.00026770,-0.00059405,-0.00483240
0.00026780,-0.00082259,-0.00427254
0.00026790,-0.00081815,-0.00358006
0.00026800,-0.00077479,-0.00277261
0.00026810,-0.00081024,-0.00187190
0.00026820,-0.00069448,-0.00090306
0.00026830,-0.00074363,0.00010605
0.00026840,-0.00063184,0.00112577
0.00026850,-0.00065181,0.00212552
0.00026860,-0.00059110,0.00307486
0.00026870,-0.00050706,0.00394443
0.00026880,-0.00045291,0.00470695
0.00026890,-0.00018350,0.00533814
0.00026900,-0.00013498,0.00581751
0.00026910,0.00003910,0.00612910
0.00026920,0.00004414,0.00626200
0.00026930,0.00009082,0.00621076
0.00026940,0.00009335,0.00597562
0.00026950,0.00016518,0.00556253
0.00026960,0.00037598,0.00498306
0.00026970,0.00023968,0.00425405
0.00026980,0.00032697,0.00339712
0.00026990,0.00017405,0.00243802
0.00027000,0.00016004,0.00140577
0.00027010,0.00005044,0.00033180
0.00027020,0.00002973,-0.00075117
0.00027030,0.00008189,-0.00181011
0.00027040,-0.00010497,-0.00281279
0.00027050,-0.00013719,-0.00372884
0.00027060,-0.00019282,-0.00453068
0.00027070,-0.00019959,-0.00519439
0.00027080,-0.00047999,-0.00570045
0.00027090,-0.00043923,-0.00603430
0.00027100,-0.00039960,-0.00618678
0.00027110,-0.00055818,-0.00615438
0.00027120,-0.00033573,-0.00593927
0.00027130,-0.00051058,-0.00554921
0.00027140,-0.00046206,-0.00499723
0.00027150,-0.00061698,-0.00430121
0.00027160,-0.00062085,-0.00348326
0.00027170,-0.00049642,-0.00256897
0.00027180,-0.00059415,-0.00158661
0.00027190,-0.00033563,-0.00056617
0.00027200,-0.00036625,0.00046155
0.00027210,-0.00013331,0.00146593
0.00027220,-0.00028537,0.00241750
0.00027230,-0.00008844,0.00328873
0.00027240,-0.00011060,0.00405496
0.00027250,-0.00020035,0.00469497
0.00027260,0.00001772,0.00519168
0.00027270,0.00009676,0.00553246
0.00027280,0.00028948,0.00570952
0.00027290,0.00033275,0.00572000
0.00027300,0.00039296,0.00556599
0.00027310,0.00020717,0.00525433
0.00027320,0.00026809,0.00479635
0.00027330,0.00017551,0.00420744
0.00027340,0.00000892,0.00350650
0.00027350,0.00013732,0.00271533
0.00027360,0.00001772,0.00185796
0.00027370,0.00008810,0.00095988
0.00027380,-0.00010681,0.00004731
0.00027390,-0.00022600,-0.00085360
0.00027400,-0.00021114,-0.00171747
0.00027410,-0.00040544,-0.00252046
0.00027420,-0.00049484,-0.00324087
0.00027430,-0.00042069,-0.00385975
0.00027440,-0.00049903,-0.00436136
0.00027450,-0.00054020,-0.00473356
0.00027460,-0.00054516,-0.00496810
0.00027470,-0.00048523,-0.00506077
0.00027480,-0.00056151,-0.00501148
0.00027490,-0.00069830,-0.00482419
0.00027500,-0.00062756,-0.00450675
0.00027510,-0.00070866,-0.00407062
0.00027520,-0.00069396,-0.00353046
0.00027530,-0.00045616,-0.00290366
0.00027540,-0.00047536,-0.00220978
0.00027550,-0.00031839,-0.00146990
0.00027560,-0.00019103,-0.00070598
0.00027570,-0.00013749,0.00005985
0.00027580,-0.00004279,0.00080592
0.00027590,-0.00006881,0.00151171
0.00027600,0.00008627,0.00215844
0.00027610,0.00018594,0.00272961
0.00027620,0.00038333,0.00321142
0.00027630,0.00021601,0.00359315
0.00027640,0.00031974,0.00386732
0.00027650,0.00036372,0.00402986
0.00027660,0.00030808,0.00408008
0.00027670,0.00035158,0.00402057
0.00027680,0.00030798,0.00385694
0.00027690,0.00032637,0.00359761
0.00027700,0.00031491,0.00325335
0.00027710,0.00063519,0.00283692
0.00027720,0.00022676,0.00236256
0.00027730,0.00019845,0.00184550
0.00027740,-0.00002877,0.00130150
0.00027750,-0.00017972,0.00074631
0.00027760,-0.00008897,0.00019521
0.00027770,-0.00038256,-0.00033737
0.00027780,-0.00012792,-0.00083826
0.00027790,-0.00023352,-0.00129584
0.00027800,-0.00044697,-0.00170025
0.00027810,-0.00047192,-0.00204364
0.00027820,-0.00044461,-0.00232022
0.00027830,-0.00045992,-0.00252632
0.00027840,-0.00051108,-0.00266038
0.00027850,-0.00046668,-0.00272282
0.00027860,-0.00047161,-0.00271597
0.00027870,-0.00044508,-0.00264384
0.00027880,-0.00038353,-0.00251193
0.00027890,-0.00061423,-0.00232700
0.00027900,-0.00055458,-0.00209682
0.00027910,-0.00050252,-0.00182990
0.00027920,-0.00071457,-0.00153521
0.00027930,-0.00038816,-0.00122196
0.00027940,-0.00052229,-0.00089927
0.00027950,-0.00038891,-0.00057596
0.00027960,-0.00027986,-0.00026033
0.00027970,-0.00046157,0.00004004
0.00027980,-0.00038903,0.00031849
0.00027990,-0.00054632,0.00056937
0.00028000,-0.00026310,0.00078817
0.00028010,-0.00034913,0.00097158
0.00028020,-0.00026204,0.00111755
0.00028030,-0.00028319,0.00122525
0.00028040,-0.00025676,0.00129508
0.00028050,-0.00013649,0.00132853
0.00028060,-0.00032033,0.00132809
0.00028070,-0.00016694,0.00129712
0.00028080,-0.00009839,0.00123964
0.00028090,-0.00013370,0.00116023
0.00028100,0.00009869,0.00106377
0.00028110,0.00007250,0.00095529
0.00028120,0.00019984,0.00083977
0.00028130,0.00013985,0.00072192
0.00028140,0.00013983,0.00060600
0.00028150,0.00014925,0.00049564
0.00028160,0.00022354,0.00039370
0.00028170,0.00028485,0.00030219
0.00028180,0.00010468,0.00022220
0.00028190,-0.00001173,0.00015391
0.00028200,-0.00002684,0.00009664
0.00028210,0.00008633,0.00004896
0.00028220,0.00012431,0.00000885
0.00028230,0.00014877,-0.00002612
0.00028240,-0.00010917,-0.00005856
0.00028250,-0.00036301,-0.00009109
0.00028260,-0.00033091,-0.00012607
0.00028270,-0.00039198,-0.00016550
0.00028280,-0.00040345,-0.00021078
0.00028290,-0.00040016,-0.00026269
0.00028300,-0.00044483,-0.00032124
0.00028310,-0.00054976,-0.00038572
0.00028320,-0.00074659,-0.00045464
0.00028330,-0.00079661,-0.00052584
0.00028340,-0.00082651,-0.00059658
0.00028350,-0.00083767,-0.00066365
0.00028360,-0.00090028,-0.00072356
0.00028370,-0.00105202,-0.00077270
0.00028380,-0.00110793,-0.00080760
0.00028390,-0.00098867,-0.00082510
0.00028400,-0.00065035,-0.00082254
0.00028410,-0.00073219,-0.00079797
0.00028420,-0.00082175,-0.00075026
0.00028430,-0.00059869,-0.00067924
0.00028440,-0.00030635,-0.00058574
0.00028450,-0.00037823,-0.00047160
0.00028460,-0.00029119,-0.00033963
0.00028470,-0.00001508,-0.00019347
0.00028480,-0.00018583,-0.00003748
0.00028490,0.00026977,0.00012347
0.00028500,0.00029707,0.00028424
0.00028510,0.00048790,0.00043963
0.00028520,0.00049647,0.00058466
0.00028530,0.00040985,0.00071476
0.00028540,0.00051677,0.00082595
0.00028550,0.00054019,0.00091506
0.00028560,0.00072201,0.00097974
0.00028570,0.00052992,0.00101861
0.00028580,0.00045123,0.00103122
0.00028590,0.00041200,0.00101803
0.00028600,0.00051367,0.00098034
0.00028610,0.00049817,0.00092018
0.00028620,0.00031515,0.00084013
0.00028630,0.00018811,0.00074321
0.00028640,0.00004445,0.00063270
0.00028650,-0.00004158,0.00051192
0.00028660,-0.00012946,0.00038415
0.00028670,-0.00044116,0.00025242
0.00028680,-0.00050862,0.00011945
0.00028690,-0.00065759,-0.00001249
0.00028700,-0.00079098,-0.00014157
0.00028710,-0.00090164,-0.00026644
0.00028720,-0.00085921,-0.00038614
0.00028730,-0.00104907,-0.00050006
0.00028740,-0.00110296,-0.00060778
0.00028750,-0.00119900,-0.00070900
0.00028760,-0.00121457,-0.00080335
0.00028770,-0.00103360,-0.00089031
0.00028780,-0.00093729,-0.00096910
0.00028790,-0.00076241,-0.00103864
0.00028800,-0.00076623,-0.00109751
0.00028810,-0.00086013,-0.00114393
0.00028820,-0.00076199,-0.00117586
0.00028830,-0.00045390,-0.00119098
0.00028840,-0.00039175,-0.00118687
0.00028850,-0.00009872,-0.00116104
0.00028860,-0.00010105,-0.00111116
0.00028870,0.00011185,-0.00103518
0.00028880,0.00038046,-0.00093148
0.00028890,0.00020626,-0.00079907
0.00028900,0.00038543,-0.00063772
0.00028910,0.00035485,-0.00044816
0.00028920,0.00022629,-0.00023216
0.00028930,0.00016360,0.00000740
0.00028940,0.00020032,0.00026643
0.00028950,0.00029714,0.00053971
0.00028960,0.00027601,0.00082097
0.00028970,0.00021449,0.00110300
0.00028980,0.00012652,0.00137789
0.00028990,0.00010335,0.00163721
0.00029000,-0.00016129,0.00187233
0.00029010,-0.00016854,0.00207468
0.00029020,-0.00021624,0.00223605
0.00029030,-0.00053230,0.00234897
0.00029040,-0.00048672,0.00240691
0.00029050,-0.00053843,0.00240465
0.00029060,-0.00041375,0.00233853
0.00029070,-0.00049044,0.00220661
0.00029080,-0.00051006,0.00200887
0.00029090,-0.00064297,0.00174733
0.00029100,-0.00063302,0.00142609
0.00029110,-0.00053025,0.00105125
0.00029120,-0.00051043,0.00063089
0.00029130,-0.00038147,0.00017486
0.00029140,-0.00000084,-0.00030548
0.00029150,-0.00000066,-0.00079751
0.00029160,-0.00014602,-0.00128774
0.00029170,0.00003834,-0.00176224
0.00029180,0.00011893,-0.00220700
0.00029190,-0.00004112,-0.00260839
0.00029200,0.00000065,-0.00295361
0.00029210,0.00020163,-0.00323105
0.00029220,0.00010619,-0.00343072
0.00029230,0.00009637,-0.00354454
0.00029240,0.00025487,-0.00356668
0.00029250,0.00022035,-0.00349378
0.00029260,0.00005149,-0.00332510
0.00029270,-0.00000581,-0.00306265
0.00029280,-0.00018725,-0.00271119
0.00029290,-0.00021183,-0.00227817
0.00029300,-0.00022197,-0.00177354
0.00029310,-0.00040939,-0.00120957
0.00029320,-0.00047346,-0.00060048
0.00029330,-0.00070632,0.00003789
0.00029340,-0.00062561,0.00068852
0.00029350,-0.00075088,0.00133370
0.00029360,-0.00064763,0.00195547
0.00029370,-0.00083208,0.00253615
0.00029380,-0.00093373,0.00305887
0.00029390,-0.00083734,0.00350805
0.00029400,-0.00050796,0.00386985
0.00029410,-0.00065054,0.00413267
0.00029420,-0.00045102,0.00428750
0.00029430,-0.00026623,0.00432827
0.00029440,-0.00038293,0.00425210
0.00029450,0.00010760,0.00405944
0.00029460,0.00005745,0.00375416
0.00029470,0.00026629,0.00334348
0.00029480,0.00013509,0.00283782
0.00029490,0.00038117,0.00225052
0.00029500,0.00045710,0.00159750
0.00029510,0.00049922,0.00089678
0.00029520,0.00076792,0.00016797
0.00029530,0.00060417,-0.00056833
0.00029540,0.00056705,-0.00129115
0.00029550,0.00051317,-0.00197979
0.00029560,0.00053784,-0.00261451
0.00029570,0.00035436,-0.00317714
0.00029580,0.00037224,-0.00365168
0.00029590,0.00025293,-0.00402481
0.00029600,0.00008316,-0.00428635
0.00029610,-0.00000586,-0.00442957
0.00029620,-0.00020012,-0.00445139
0.00029630,-0.00046050,-0.00435243
0.00029640,-0.00055872,-0.00413698
0.00029650,-0.00085538,-0.00381275
0.00029660,-0.00115066,-0.00339059
0.00029670,-0.00107637,-0.00288407
0.00029680,-0.00130975,-0.00230895
0.00029690,-0.00124964,-0.00168268
0.00029700,-0.00121831,-0.00102375
0.00029710,-0.00128316,-0.00035113
0.00029720,-0.00121939,0.00031638
0.00029730,-0.00118381,0.00096068
0.00029740,-0.00103339,0.00156493
0.00029750,-0.00103434,0.00211401
0.00029760,-0.00078081,0.00259492
0.00029770,-0.00056501,0.00299707
0.00029780,-0.00031011,0.00331251
0.00029790,-0.00023907,0.00353607
0.00029800,-0.00009012,0.00366531
0.00029810,0.00048784,0.00370055
0.00029820,0.00046377,0.00364462
0.00029830,0.00068013,0.00350268
0.00029840,0.00091373,0.00328193
0.00029850,0.00077912,0.00299127
0.00029860,0.00105762,0.00264092
0.00029870,0.00112786,0.00224210
0.00029880,0.00097537,0.00180657
0.00029890,0.00110729,0.00134635
0.00029900,0.00111324,0.00087331
0.00029910,0.00113504,0.00039894
0.00029920,0.00076751,-0.00006595
0.00029930,0.00063436,-0.00051143
0.00029940,0.00036743,-0.00092861
0.00029950,0.00029691,-0.00130980
0.00029960,0.00018744,-0.00164854
0.00029970,-0.00009871,-0.00193970
0.00029980,-0.00022537,-0.00217949
0.00029990,-0.00068003,-0.00236541
0.00030000,-0.00096562,-0.00249626
0.00030010,-0.00114211,-0.00257203
0.00030020,-0.00106754,-0.00259383
0.00030030,-0.00117176,-0.00256375
0.00030040,-0.00125033,-0.00248480
0.00030050,-0.00151339,-0.00236072
0.00030060,-0.00160465,-0.00219591
0.00030070,-0.00157046,-0.00199524
0.00030080,-0.00172147,-0.00176400
0.00030090,-0.00163389,-0.00150772
0.00030100,-0.00160748,-0.00123213
0.00030110,-0.00147351,-0.00094301
0.00030120,-0.00135959,-0.00064613
0.00030130,-0.00132056,-0.00034713
0.00030140,-0.00112341,-0.00005145
0.00030150,-0.00088756,0.00023579
0.00030160,-0.00058940,0.00050984
0.00030170,-0.00036050,0.00076640
0.00030180,-0.00028164,0.00100172
0.00030190,-0.00007451,0.00121260
0.00030200,0.00020194,0.00139642
0.00030210,0.00026656,0.00155119
0.00030220,0.00058058,0.00167544
0.00030230,0.00075812,0.00176827
0.00030240,0.00108710,0.00182929
0.00030250,0.00119633,0.00185859
0.00030260,0.00118653,0.00185669
0.00030270,0.00120118,0.00182453
0.00030280,0.00119558,0.00176341
0.00030290,0.00133309,0.00167500
0.00030300,0.00105421,0.00156126
0.00030310,0.00108911,0.00142443
0.00030320,0.00098429,0.00126700
0.00030330,0.00057968,0.00109166
0.00030340,0.00055699,0.00090129
0.00030350,0.00020001,0.00069890
0.00030360,0.00003897,0.00048766
0.00030370,-0.00020463,0.00027088
0.00030380,-0.00036534,0.00005195
0.00030390,-0.00043275,-0.00016565
0.00030400,-0.00067705,-0.00037840
0.00030410,-0.00077485,-0.00058277
0.00030420,-0.00096403,-0.00077526
0.00030430,-0.00103949,-0.00095253
0.00030440,-0.00128319,-0.00111141
0.00030450,-0.00162357,-0.00124903
0.00030460,-0.00149136,-0.00136287
0.00030470,-0.00155049,-0.00145089
0.00030480,-0.00147553,-0.00151157
0.00030490,-0.00162172,-0.00154400
0.00030500,-0.00151476,-0.00154795
0.00030510,-0.00138716,-0.00152384
0.00030520,-0.00120855,-0.00147282
0.00030530,-0.00097604,-0.00139673
0.00030540,-0.00108133,-0.00129808
0.00030550,-0.00106659,-0.00117998
0.00030560,-0.00091968,-0.00104605
0.00030570,-0.00069194,-0.00090030
0.00030580,-0.00058039,-0.00074700
0.00030590,-0.00041361,-0.00059047
0.00030600,-0.00036105,-0.00043496
0.00030610,-0.00009678,-0.00028439
0.00030620,0.00002740,-0.00014226
0.00030630,0.00003765,-0.00001141
0.00030640,0.00010332,0.00010608
0.00030650,0.00027158,0.00020899
0.00030660,0.00056362,0.00029706
0.00030670,0.00043104,0.00037094
0.00030680,0.00044587,0.00043223
0.00030690,0.00062195,0.00048333
0.00030700,0.00070172,0.00052731
0.00030710,0.00090000,0.00056772
0.00030720,0.00091831,0.00060838
0.00030730,0.00087031,0.00065314
0.00030740,0.00088270,0.00070557
0.00030750,0.00089266,0.00076876
0.00030760,0.00095318,0.00084501
0.00030770,0.00088687,0.00093564
0.00030780,0.00115106,0.00104078
0.00030790,0.00094971,0.00115918
0.00030800,0.00107697,0.00128822
0.00030810,0.00096372,0.00142381
0.00030820,0.00062985,0.00156050
0.00030830,0.00046134,0.00169165
0.00030840,0.00021580,0.00180963
0.00030850,0.00000439,0.00190616
0.00030860,-0.00001912,0.00197262
0.00030870,-0.00030215,0.00200047
0.00030880,-0.00052051,0.00198168
0.00030890,-0.00079135,0.00190914
0.00030900,-0.00124794,0.00177707
0.00030910,-0.00115907,0.00158138
0.00030920,-0.00166551,0.00132004
0.00030930,-0.00180571,0.00099331
0.00030940,-0.00192272,0.00060393
0.00030950,-0.00230992,0.00015722
0.00030960,-0.00214631,-0.00033889
0.00030970,-0.00239147,-0.00087399
0.00030980,-0.00234949,-0.00143537
0.00030990,-0.00260275,-0.00200833
0.00031000,-0.00246436,-0.00257659
0.00031010,-0.00229846,-0.00312278
0.00031020,-0.00202125,-0.00362896
0.00031030,-0.00189378,-0.00407729
0.00031040,-0.00172993,-0.00445058
0.00031050,-0.00150779,-0.00473293
0.00031060,-0.00118760,-0.00491033
0.00031070,-0.00063486,-0.00497122
0.00031080,-0.00039917,-0.00490694
0.00031090,0.00020808,-0.00471217
0.00031100,0.00045327,-0.00438526
0.00031110,0.00086661,-0.00392840
0.00031120,0.00147165,-0.00334777
0.00031130,0.00154824,-0.00265351
0.00031140,0.00225323,-0.00185954
0.00031150,0.00247905,-0.00098333
0.00031160,0.00253264,-0.00004553
0.00031170,0.00268275,0.00093062
0.00031180,0.00280779,0.00191982
0.00031190,0.00289941,0.00289546
0.00031200,0.00264630,0.00383038
0.00031210,0.00250494,0.00469769
0.00031220,0.00245533,0.00547160
0.00031230,0.00213139,0.00612819
0.00031240,0.00185553,0.00664621
0.00031250,0.00144344,0.00700777
0.00031260,0.00091324,0.00719893
0.00031270,0.00034286,0.00721026
0.00031280,-0.00008965,0.00703719
0.00031290,-0.00054892,0.00668031
0.00031300,-0.00100964,0.00614545
0.00031310,-0.00123194,0.00544367
0.00031320,-0.00182332,0.00459103
0.00031330,-0.00219873,0.00360823
0.00031340,-0.00252935,0.00252007
0.00031350,-0.00277323,0.00135479
0.00031360,-0.00293684,0.00014326
0.00031370,-0.00316383,-0.00108190
0.00031380,-0.00334222,-0.00228734
0.00031390,-0.00355285,-0.00343992
0.00031400,-0.00342247,-0.00450777
0.00031410,-0.00338954,-0.00546126
0.00031420,-0.00298797,-0.00627392
0.00031430,-0.00286808,-0.00692327
0.00031440,-0.00272463,-0.00739153
0.00031450,-0.00241447,-0.00766617
0.00031460,-0.00198384,-0.00774030
0.00031470,-0.00134007,-0.00761292
0.00031480,-0.00101032,-0.00728886
0.00031490,-0.00040631,-0.00677871
0.00031500,0.00016459,-0.00609842
0.00031510,0.00048793,-0.00526881
0.00031520,0.00090384,-0.00431488
0.00031530,0.00136905,-0.00326502
0.00031540,0.00185764,-0.00215008
0.00031550,0.00241573,-0.00100241
0.00031560,0.00259379,0.00014520
0.00031570,0.00298425,0.00126055
0.00031580,0.00306231,0.00231307
0.00031590,0.00301851,0.00327475
0.00031600,0.00315742,0.00412100
0.00031610,0.00295405,0.00483140
0.00031620,0.00293379,0.00539025
0.00031630,0.00240952,0.00578695
0.00031640,0.00208684,0.00601617
0.00031650,0.00172375,0.00607786
0.00031660,0.00131969,0.00597708
0.00031670,0.00096594,0.00572364
0.00031680,0.00049484,0.00533161
0.00031690,0.00020132,0.00481874
0.00031700,-0.00010551,0.00420567
0.00031710,-0.00061989,0.00351518
0.00031720,-0.00109111,0.00277132
0.00031730,-0.00149680,0.00199859
0.00031740,-0.00209131,0.00122105
0.00031750,-0.00231798,0.00046161
0.00031760,-0.00246002,-0.00025875
0.00031770,-0.00274192,-0.00092154
0.00031780,-0.00292426,-0.00151123
0.00031790,-0.00299374,-0.00201569
0.00031800,-0.00288336,-0.00242629
0.00031810,-0.00273007,-0.00273809
0.00031820,-0.00255590,-0.00294971
0.00031830,-0.00220376,-0.00306318
0.00031840,-0.00222430,-0.00308360
0.00031850,-0.00186712,-0.00301877
0.00031860,-0.00161462,-0.00287871
0.00031870,-0.00116421,-0.00267515
0.00031880,-0.00067967,-0.00242096
0.00031890,-0.00047528,-0.00212963
0.00031900,0.00006796,-0.00181474
0.00031910,0.00039375,-0.00148950
0.00031920,0.00074878,-0.00116626
0.00031930,0.00100077,-0.00085616
0.00031940,0.00127986,-0.00056880
0.00031950,0.00161118,-0.00031202
0.00031960,0.00162068,-0.00009172
0.00031970,0.00180361,0.00008822
0.00031980,0.00180224,0.00022594
0.00031990,0.00185745,0.00032150
0.00032000,0.00166455,0.00037680
0.00032010,0.00157016,0.00039533
0.00032020,0.00141769,0.00038196
0.00032030,0.00084112,0.00034265
0.00032040,0.00078915,0.00028413
0.00032050,0.00049618,0.00021364
0.00032060,0.00018019,0.00013858
0.00032070,-0.00006909,0.00006620
0.00032080,-0.00041279,0.00000329
0.00032090,-0.00066340,-0.00004403
0.00032100,-0.00089556,-0.00007061
0.00032110,-0.00087600,-0.00007243
0.00032120,-0.00121593,-0.00004677
0.00032130,-0.00122185,0.00000768
0.00032140,-0.00133522,0.00009079
0.00032150,-0.00149408,0.00020093
0.00032160,-0.00158044,0.00033510
0.00032170,-0.00164770,0.00048897
0.00032180,-0.00155325,0.00065706
0.00032190,-0.00131578,0.00083293
0.00032200,-0.00107266,0.00100943
0.00032210,-0.00100012,0.00117900
0.00032220,-0.00080814,0.00133394
0.00032230,-0.00068296,0.00146670
0.00032240,-0.00052283,0.00157023
0.00032250,-0.00029573,0.00163826
0.00032260,-0.00009679,0.00166556
0.00032270,0.00022039,0.00164815
0.00032280,0.00025419,0.00158358
0.00032290,0.00060210,0.00147096
0.00032300,0.00075333,0.00131114
0.00032310,0.00073489,0.00110665
0.00032320,0.00076028,0.00086169
0.00032330,0.00067169,0.00058202
0.00032340,0.00069108,0.00027476
0.00032350,0.00069933,-0.00005178
0.00032360,0.00076863,-0.00038840
0.00032370,0.00067599,-0.00072532
0.00032380,0.00052701,-0.00105250
0.00032390,0.00037182,-0.00136001
0.00032400,0.00011532,-0.00163838
0.00032410,0.00007470,-0.00187894
0.00032420,0.00000743,-0.00207416
0.00032430,-0.00011670,-0.00221793
0.00032440,-0.00029966,-0.00230578
0.00032450,-0.00043464,-0.00233507
0.00032460,-0.00062369,-0.00230507
0.00032470,-0.00079383,-0.00221695
0.00032480,-0.00072862,-0.00207379
0.00032490,-0.00096928,-0.00188033
0.00032500,-0.00094560,-0.00164285
0.00032510,-0.00095132,-0.00136882
0.00032520,-0.00099226,-0.00106666
0.00032530,-0.00093879,-0.00074536
0.00032540,-0.00121596,-0.00041418
0.00032550,-0.00113616,-0.00008229
0.00032560,-0.00103839,0.00024148
0.00032570,-0.00078179,0.00054899
0.00032580,-0.00056575,0.00083296
0.00032590,-0.00042214,0.00108720
0.00032600,-0.00017753,0.00130675
0.00032610,-0.00017715,0.00148794
0.00032620,-0.00001579,0.00162848
0.00032630,0.00012867,0.00172740
0.00032640,0.00026804,0.00178500
0.00032650,0.00051111,0.00180275
0.00032660,0.00061834,0.00178307
0.00032670,0.00072162,0.00172917
0.00032680,0.00082847,0.00164488
0.00032690,0.00074094,0.00153438
0.00032700,0.00073913,0.00140206
0.00032710,0.00069819,0.00125230
0.00032720,0.00079379,0.00108939
0.00032730,0.00057864,0.00091733
0.00032740,0.00043493,0.00073984
0.00032750,0.00022268,0.00056023
0.00032760,0.00003716,0.00038142
0.00032770,-0.00028763,0.00020592
0.00032780,-0.00050053,0.00003583
0.00032790,-0.00050937,-0.00012707
0.00032800,-0.00061036,-0.00028133
0.00032810,-0.00071868,-0.00042575
0.00032820,-0.00096095,-0.00055934
0.00032830,-0.00093286,-0.00068124
0.00032840,-0.00093954,-0.00079073
0.00032850,-0.00101733,-0.00088717
0.00032860,-0.00095711,-0.00097002
0.00032870,-0.00079146,-0.00103877
0.00032880,-0.00063763,-0.00109300
0.00032890,-0.00052324,-0.00113231
0.00032900,-0.00027675,-0.00115639
0.00032910,-0.00008211,-0.00116500
0.00032920,0.00008153,-0.00115799
0.00032930,0.00015059,-0.00113535
0.00032940,0.00043377,-0.00109721
0.00032950,0.00047515,-0.00104388
0.00032960,0.00047358,-0.00097587
0.00032970,0.00050968,-0.00089388
0.00032980,0.00051988,-0.00079885
0.00032990,0.00048932,-0.00069191
0.00033000,0.00077921,-0.00057439
0.00033010,0.00050604,-0.00044780
0.00033020,0.00027883,-0.00031382
0.00033030,0.00026432,-0.00017427
0.00033040,-0.00017740,-0.00003110
0.00033050,-0.00022190,0.00011362
0.00033060,-0.00039116,0.00025772
0.00033070,-0.00069585,0.00039895
0.00033080,-0.00076232,0.00053496
0.00033090,-0.00094284,0.00066338
0.00033100,-0.00110119,0.00078188
0.00033110,-0.00111494,0.00088819
0.00033120,-0.00114600,0.00098019
0.00033130,-0.00115595,0.00105600
0.00033140,-0.00125558,0.00111404
0.00033150,-0.00125495,0.00115307
0.00033160,-0.00122961,0.00117225
0.00033170,-0.00091454,0.00117118
0.00033180,-0.00089509,0.00114985
0.00033190,-0.00061394,0.00110871
0.00033200,-0.00027053,0.00104855
0.00033210,0.00003492,0.00097054
0.00033220,0.00042347,0.00087616
0.00033230,0.00063810,0.00076716
0.00033240,0.00087784,0.00064551
0.00033250,0.00111255,0.00051337
0.00033260,0.00144729,0.00037306
0.00033270,0.00157847,0.00022695
0.00033280,0.00176612,0.00007748
0.00033290,0.00164860,-0.00007294
0.00033300,0.00159746,-0.00022199
0.00033310,0.00144947,-0.00036744
0.00033320,0.00108821,-0.00050722
0.00033330,0.00100173,-0.00063944
0.00033340,0.00091347,-0.00076234
0.00033350,0.00071111,-0.00087438
0.00033360,0.00023722,-0.00097410
0.00033370,-0.00011195,-0.00106020
0.00033380,-0.00051471,-0.00113142
0.00033390,-0.00075630,-0.00118658
0.00033400,-0.00106607,-0.00122458
0.00033410,-0.00131776,-0.00124433
0.00033420,-0.00168412,-0.00124489
0.00033430,-0.00225500,-0.00122540
0.00033440,-0.00250784,-0.00118520
0.00033450,-0.00253235,-0.00112388
0.00033460,-0.00253531,-0.00104132
0.00033470,-0.00249695,-0.00093783
0.00033480,-0.00228351,-0.00081413
0.00033490,-0.00226726,-0.00067145
0.00033500,-0.00202751,-0.00051154
0.00033510,-0.00182481,-0.00033668
0.00033520,-0.00140166,-0.00014964
0.00033530,-0.00093456,0.00004631
0.00033540,-0.00054781,0.00024747
0.00033550,-0.00006289,0.00044978
0.00033560,0.00007783,0.00064894
0.00033570,0.00043144,0.00084046
0.00033580,0.00077773,0.00101980
0.00033590,0.00130382,0.00118255
0.00033600,0.00157319,0.00132451
0.00033610,0.00183627,0.00144185
0.00033620,0.00209207,0.00153126
0.00033630,0.00203955,0.00159006
0.00033640,0.00198022,0.00161626
0.00033650,0.00210467,0.00160868
0.00033660,0.00190852,0.00156695
0.00033670,0.00169929,0.00149156
0.00033680,0.00154111,0.00138382
0.00033690,0.00122079,0.00124585
0.00033700,0.00085964,0.00108050
0.00033710,0.00042583,0.00089129
0.00033720,0.00000477,0.00068232
0.00033730,-0.00047949,0.00045811
0.00033740,-0.00090290,0.00022354
0.00033750,-0.00126381,-0.00001627
0.00033760,-0.00153347,-0.00025614
0.00033770,-0.00181529,-0.00049089
0.00033780,-0.00211590,-0.00071553
0.00033790,-0.00235862,-0.00092529
0.00033800,-0.00254191,-0.00111581
0.00033810,-0.00260352,-0.00128320
0.00033820,-0.00245673,-0.00142408
0.00033830,-0.00239289,-0.00153570
0.00033840,-0.00208353,-0.00161597
0.00033850,-0.00210907,-0.00166345
0.00033860,-0.00189029,-0.00167743
0.00033870,-0.00142994,-0.00165791
0.00033880,-0.00090021,-0.00160558
0.00033890,-0.00051126,-0.00152184
0.00033900,-0.00021888,-0.00140872
0.00033910,0.00041722,-0.00126887
0.00033920,0.00072161,-0.00110545
0.00033930,0.00115420,-0.00092207
0.00033940,0.00132331,-0.00072269
0.00033950,0.00153650,-0.00051155
0.00033960,0.00178356,-0.00029302
0.00033970,0.00184263,-0.00007154
0.00033980,0.00197735,0.00014844
0.00033990,0.00208898,0.00036261
0.00034000,0.00188805,0.00056681
0.00034010,0.00181626,0.00075718
0.00034020,0.00171885,0.00093022
0.00034030,0.00133957,0.00108287
0.00034040,0.00091985,0.00121257
0.00034050,0.00043170,0.00131731
0.00034060,0.00003627,0.00139564
0.00034070,-0.00041810,0.00144670
0.00034080,-0.00073978,0.00147018
0.00034090,-0.00104171,0.00146629
0.00034100,-0.00171980,0.00143571
0.00034110,-0.00207412,0.00137957
0.00034120,-0.00198464,0.00129942
0.00034130,-0.00220850,0.00119712
0.00034140,-0.00225759,0.00107488
0.00034150,-0.00238990,0.00093521
0.00034160,-0.00241932,0.00078083
0.00034170,-0.00223862,0.00061470
0.00034180,-0.00217641,0.00043994
0.00034190,-0.00196807,0.00025977
0.00034200,-0.00164665,0.00007748
0.00034210,-0.00128516,-0.00010364
0.00034220,-0.00098711,-0.00028036
0.00034230,-0.00049685,-0.00044954
0.00034240,-0.00004490,-0.00060822
0.00034250,0.00021820,-0.00075365
0.00034260,0.00088121,-0.00088332
0.00034270,0.00120221,-0.00099506
0.00034280,0.00152863,-0.00108704
0.00034290,0.00189902,-0.00115783
0.00034300,0.00193504,-0.00120643
0.00034310,0.00208917,-0.00123226
0.00034320,0.00194162,-0.00123522
0.00034330,0.00194944,-0.00121562
0.00034340,0.00173776,-0.00117422
0.00034350,0.00165489,-0.00111218
0.00034360,0.00165537,-0.00103105
0.00034370,0.00112302,-0.00093270
0.00034380,0.00084280,-0.00081929
0.00034390,0.00048630,-0.00069321
0.00034400,-0.00019134,-0.00055701
0.00034410,-0.00047362,-0.00041333
0.00034420,-0.00087135,-0.00026481
0.00034430,-0.00124114,-0.00011408
0.00034440,-0.00139248,0.00003634
0.00034450,-0.00170254,0.00018409
0.00034460,-0.00206863,0.00032697
0.00034470,-0.00207759,0.00046297
0.00034480,-0.00228671,0.00059028
0.00034490,-0.00237146,0.00070730
0.00034500,-0.00221697,0.00081262
0.00034510,-0.00227739,0.00090500
0.00034520,-0.00198327,0.00098338
0.00034530,-0.00188107,0.00104682
0.00034540,-0.00157888,0.00109450
0.00034550,-0.00141604,0.00112572
0.00034560,-0.00108899,0.00113984
0.00034570,-0.00084407,0.00113632
0.00034580,-0.00062849,0.00111472
0.00034590,-0.00000656,0.00107468
0.00034600,0.00015545,0.00101597
0.00034610,0.00063343,0.00093850
0.00034620,0.00104086,0.00084239
0.00034630,0.00127174,0.00072799
0.00034640,0.00143476,0.00059596
0.00034650,0.00156929,0.00044735
0.00034660,0.00170039,0.00028366
0.00034670,0.00150155,0.00010690
0.00034680,0.00149961,-0.00008036
0.00034690,0.00142427,-0.00027499
0.00034700,0.00129614,-0.00047331
0.00034710,0.00130834,-0.00067114
0.00034720,0.00084137,-0.00086386
0.00034730,0.00050816,-0.00104656
0.00034740,0.00042215,-0.00121416
0.00034750,-0.00016746,-0.00136155
0.00034760,-0.00042976,-0.00148378
0.00034770,-0.00054709,-0.00157623
0.00034780,-0.00107390,-0.00163480
0.00034790,-0.00115538,-0.00165606
0.00034800,-0.00120617,-0.00163744
0.00034810,-0.00135341,-0.00157736
0.00034820,-0.00147257,-0.00147532
0.00034830,-0.00182530,-0.00133203
0.00034840,-0.00172859,-0.00114944
0.00034850,-0.00177823,-0.00093074
0.00034860,-0.00171788,-0.00068038
0.00034870,-0.00152595,-0.00040395
0.00034880,-0.00141525,-0.00010807
0.00034890,-0.00111018,0.00019972
0.00034900,-0.00102112,0.00051123
0.00034910,-0.00058839,0.00081777
0.00034920,-0.00059288,0.00111052
0.00034930,-0.00045977,0.00138070
0.00034940,-0.00020679,0.00161992
0.00034950,0.00001483,0.00182047
0.00034960,0.00055581,0.00197555
0.00034970,0.00055468,0.00207956
0.00034980,0.00081622,0.00212828
0.00034990,0.00087773,0.00211908
0.00035000,0.00088543,0.00205100
0.00035010,0.00082927,0.00192486
0.00035020,0.00114612,0.00174327
0.00035030,0.00116866,0.00151056
0.00035040,0.00101318,0.00123272
0.00035050,0.00113455,0.00091723
0.00035060,0.00094277,0.00057283
0.00035070,0.00066410,0.00020927
0.00035080,0.00049955,-0.00016297
0.00035090,0.00053996,-0.00053304
0.00035100,0.00013088,-0.00089000
0.00035110,-0.00008649,-0.00122323
0.00035120,-0.00018437,-0.00152274
0.00035130,-0.00034445,-0.00177945
0.00035140,-0.00049787,-0.00198558
0.00035150,-0.00068373,-0.00213481
0.00035160,-0.00070577,-0.00222258
0.00035170,-0.00082972,-0.00224615
0.00035180,-0.00077567,-0.00220479
0.00035190,-0.00090091,-0.00209974
0.00035200,-0.00097686,-0.00193415
0.00035210,-0.00116291,-0.00171305
0.00035220,-0.00115686,-0.00144306
0.00035230,-0.00122849,-0.00113224
0.00035240,-0.00114038,-0.00078980
0.00035250,-0.00099553,-0.00042578
0.00035260,-0.00092273,-0.00005079
0.00035270,-0.00084092,0.00032432
0.00035280,-0.00077792,0.00068876
0.00035290,-0.00062511,0.00103212
0.00035300,-0.00045600,0.00134463
0.00035310,-0.00025188,0.00161743
0.00035320,-0.00044132,0.00184283
0.00035330,-0.00016599,0.00201448
0.00035340,0.00005571,0.00212756
0.00035350,0.00016783,0.00217888
0.00035360,0.00017944,0.00216701
0.00035370,0.00004041,0.00209227
0.00035380,0.00021652,0.00195676
0.00035390,-0.00008965,0.00176429
0.00035400,0.00008191,0.00152024
0.00035410,-0.00007423,0.00123148
0.00035420,0.00002870,0.00090609
0.00035430,0.00020937,0.00055323
0.00035440,0.00011095,0.00018285
0.00035450,0.00017708,-0.00019450
0.00035460,-0.00000577,-0.00056800
0.00035470,-0.00010444,-0.00092674
0.00035480,-0.00017404,-0.00126010
0.00035490,-0.00019668,-0.00155799
0.00035500,-0.00002237,-0.00181115
0.00035510,0.00000387,-0.00201150
0.00035520,-0.00016688,-0.00215236
0.00035530,-0.00011558,-0.00222875
0.00035540,0.00003012,-0.00223755
0.00035550,0.00006032,-0.00217769
0.00035560,0.00028384,-0.00205021
0.00035570,0.00013528,-0.00185833
0.00035580,0.00026931,-0.00160735
0.00035590,0.00045669,-0.00130459
0.00035600,0.00031715,-0.00095915
0.00035610,0.00018516,-0.00058169
0.00035620,0.00034429,-0.00018407
0.00035630,0.00038667,0.00022096
0.00035640,0.00032104,0.00062024
0.00035650,0.00038646,0.00100055
0.00035660,0.00039019,0.00134914
0.00035670,0.00005197,0.00165414
0.00035680,0.00011315,0.00190502
0.00035690,-0.00000608,0.00209300
0.00035700,-0.00001197,0.00221140
0.00035710,-0.00043976,0.00225595
0.00035720,-0.00080334,0.00222497
0.00035730,-0.00081549,0.00211948
0.00035740,-0.00107384,0.00194319
0.00035750,-0.00103309,0.00170239
0.00035760,-0.00143520,0.00140572
0.00035770,-0.00154876,0.00106382
0.00035780,-0.00169135,0.00068898
0.00035790,-0.00206432,0.00029462
0.00035800,-0.00202083,-0.00010520
0.00035810,-0.00209433,-0.00049629
0.00035820,-0.00206719,-0.00086490
0.00035830,-0.00203825,-0.00119817
0.00035840,-0.00185204,-0.00148465
0.00035850,-0.00166294,-0.00171466
0.00035860,-0.00148194,-0.00188062
0.00035870,-0.00123273,-0.00197736
0.00035880,-0.00067266,-0.00200226
0.00035890,-0.00043107,-0.00195535
0.00035900,-0.00001803,-0.00183925
0.00035910,0.00027452,-0.00165911
0.00035920,0.00056750,-0.00142239
0.00035930,0.00113879,-0.00113850
0.00035940,0.00135396,-0.00081852
0.00035950,0.00180341,-0.00047467
0.00035960,0.00208659,-0.00011990
0.00035970,0.00226654,0.00023263
0.00035980,0.00240433,0.00057001
0.00035990,0.00228105,0.00088009
0.00036000,0.00235440,0.00115187
0.00036010,0.00236419,0.00137589
0.00036020,0.00223608,0.00154457
0.00036030,0.00197639,0.00165246
0.00036040,0.00157530,0.00169636
0.00036050,0.00148904,0.00167550
0.00036060,0.00127791,0.00159145
0.00036070,0.00084156,0.00144811
0.00036080,0.00059074,0.00125152
0.00036090,0.00015620,0.00100967
0.00036100,-0.00035864,0.00073219
0.00036110,-0.00091860,0.00042998
0.00036120,-0.00136823,0.00011480
0.00036130,-0.00156008,-0.00020114
0.00036140,-0.00191263,-0.00050572
0.00036150,-0.00212159,-0.00078731
0.00036160,-0.00236597,-0.00103524
0.00036170,-0.00257397,-0.00124021
0.00036180,-0.00274034,-0.00139463
0.00036190,-0.00265696,-0.00149289
0.00036200,-0.00256094,-0.00153157
0.00036210,-0.00250853,-0.00150956
0.00036220,-0.00265470,-0.00142808
0.00036230,-0.00230387,-0.00129064
0.00036240,-0.00208852,-0.00110288
0.00036250,-0.00190220,-0.00087239
0.00036260,-0.00157315,-0.00060836
0.00036270,-0.00146730,-0.00032131
0.00036280,-0.00098829,-0.00002260
0.00036290,-0.00072011,0.00027594
0.00036300,-0.00024380,0.00056252
0.00036310,0.00008323,0.00082586
0.00036320,0.00028946,0.00105558
0.00036330,0.00070198,0.00124270
0.00036340,0.00082797,0.00137993
0.00036350,0.00131780,0.00146199
0.00036360,0.00148964,0.00148579
0.00036370,0.00164532,0.00145057
0.00036380,0.00158383,0.00135789
0.00036390,0.00165750,0.00121156
0.00036400,0.00163836,0.00101750
0.00036410,0.00158496,0.00078345
0.00036420,0.00171806,0.00051870
0.00036430,0.00174491,0.00023371
0.00036440,0.00163299,-0.00006032
0.00036450,0.00141639,-0.00035189
0.00036460,0.00109170,-0.00062966
0.00036470,0.00079829,-0.00088290
0.00036480,0.00068524,-0.00110190
0.00036490,0.00035757,-0.00127841
0.00036500,0.00024949,-0.00140587
0.00036510,0.00009032,-0.00147969
0.00036520,-0.00029917,-0.00149740
0.00036530,-0.00042149,-0.00145867
0.00036540,-0.00063221,-0.00136535
0.00036550,-0.00082429,-0.00122129
0.00036560,-0.00095023,-0.00103225
0.00036570,-0.00121177,-0.00080557
0.00036580,-0.00152097,-0.00054991
0.00036590,-0.00139717,-0.00027490
0.00036600,-0.00144888,0.00000922
0.00036610,-0.00136735,0.00029204
0.00036620,-0.00152711,0.00056331
0.00036630,-0.00141266,0.00081336
0.00036640,-0.00141529,0.00103344
0.00036650,-0.00142119,0.00121605
0.00036660,-0.00105635,0.00135516
0.00036670,-0.00121802,0.00144646
0.00036680,-0.00116735,0.00148742
0.00036690,-0.00099129,0.00147740
0.00036700,-0.00075843,0.00141756
0.00036710,-0.00055689,0.00131082
0.00036720,-0.00063298,0.00116162
0.00036730,-0.00042137,0.00097578
0.00036740,-0.00041483,0.00076020
0.00036750,-0.00017100,0.00052264
0.00036760,-0.00013326,0.00027138
0.00036770,0.00009240,0.00001490
0.00036780,0.00015783,-0.00023833
0.00036790,0.00040915,-0.00048024
0.00036800,0.00043899,-0.00070334
0.00036810,0.00057632,-0.00090099
0.00036820,0.00065936,-0.00106755
0.00036830,0.00061939,-0.00119856
0.00036840,0.00081033,-0.00129087
0.00036850,0.00075386,-0.00134262
0.00036860,0.00077689,-0.00135335
0.00036870,0.00080307,-0.00132389
0.00036880,0.00069518,-0.00125630
0.00036890,0.00069701,-0.00115375
0.00036900,0.00061800,-0.00102038
0.00036910,0.00047514,-0.00086113
0.00036920,0.00062670,-0.00068154
0.00036930,0.00036545,-0.00048759
0.00036940,0.00047890,-0.00028550
0.00036950,0.00026430,-0.00008151
0.00036960,-0.00004588,0.00011833
0.00036970,-0.00002794,0.00030833
0.00036980,-0.00039428,0.00048335
0.00036990,-0.00030656,0.00063897
0.00037000,-0.00033002,0.00077160
0.00037010,-0.00060905,0.00087854
0.00037020,-0.00067363,0.00095808
0.00037030,-0.00073459,0.00100946
0.00037040,-0.00092578,0.00103283
0.00037050,-0.00094265,0.00102919
0.00037060,-0.00089552,0.00100032
0.00037070,-0.00091392,0.00094861
0.00037080,-0.00098579,0.00087699
0.00037090,-0.00086517,0.00078875
0.00037100,-0.00121483,0.00068741
0.00037110,-0.00112181,0.00057659
0.00037120,-0.00097255,0.00045989
0.00037130,-0.00089307,0.00034076
0.00037140,-0.00056659,0.00022240
0.00037150,-0.00088249,0.00010768
0.00037160,-0.00055239,-0.00000097
0.00037170,-0.00044128,-0.00010161
0.00037180,-0.00018455,-0.00019287
0.00037190,-0.00002686,-0.00027391
0.00037200,-0.00035456,-0.00034447
0.00037210,0.00001349,-0.00040479
0.00037220,0.00020437,-0.00045554
0.00037230,0.00045792,-0.00049768
0.00037240,0.00046132,-0.00053240
0.00037250,0.00045328,-0.00056092
0.00037260,0.00054791,-0.00058440
0.00037270,0.00048332,-0.00060381
0.00037280,0.00052491,-0.00061983
0.00037290,0.00055363,-0.00063281
0.00037300,0.00037444,-0.00064270
0.00037310,0.00026699,-0.00064906
0.00037320,0.00023664,-0.00065108
0.00037330,0.00017250,-0.00064762
0.00037340,0.00006971,-0.00063726
0.00037350,-0.00003449,-0.00061840
0.00037360,-0.00020140,-0.00058939
0.00037370,-0.00017496,-0.00054858
0.00037380,-0.00032140,-0.00049451
0.00037390,-0.00036920,-0.00042602
0.00037400,-0.00038903,-0.00034235
0.00037410,-0.00051155,-0.00024328
0.00037420,-0.00052761,-0.00012923
0.00037430,-0.00070732,-0.00000132
0.00037440,-0.00072895,0.00013857
0.00037450,-0.00069421,0.00028777
0.00037460,-0.00079414,0.00044284
0.00037470,-0.00072877,0.00059962
0.00037480,-0.00041200,0.00075339
0.00037490,-0.00036337,0.00089898
0.00037500,-0.00032718,0.00103100
0.00037510,-0.00008742,0.00114404
0.00037520,-0.00024443,0.00123295
0.00037530,-0.00005769,0.00129304
0.00037540,-0.00004149,0.00132035
0.00037550,0.00003909,0.00131182
0.00037560,0.00007871,0.00126553
0.00037570,0.00008345,0.00118080
0.00037580,0.00011915,0.00105830
0.00037590,0.00008435,0.00090011
0.00037600,0.00019420,0.00070967
0.00037610,-0.00006864,0.00049174
0.00037620,-0.00010903,0.00025229
0.00037630,-0.00011013,-0.00000167
0.00037640,-0.00012137,-0.00026233
0.00037650,0.00003126,-0.00052132
0.00037660,0.00000282,-0.00077005
0.00037670,-0.00021371,-0.00099999
0.00037680,-0.00025084,-0.00120304
0.00037690,-0.00023442,-0.00137184
0.00037700,-0.00035145,-0.00150012
0.00037710,-0.00032568,-0.00158291
0.00037720,-0.00038451,-0.00161682
0.00037730,-0.00040230,-0.00160020
0.00037740,-0.00057793,-0.00153320
0.00037750,-0.00054052,-0.00141784
0.00037760,-0.00042119,-0.00125795
0.00037770,-0.00044913,-0.00105899
0.00037780,-0.00001470,-0.00082794
0.00037790,-0.00009289,-0.00057298
0.00037800,-0.00001923,-0.00030318
0.00037810,0.00006281,-0.00002821
0.00037820,0.00015730,0.00024206
0.00037830,0.00020199,0.00049796
0.00037840,0.00032789,0.00073038
0.00037850,0.00041735,0.00093111
0.00037860,0.00029501,0.00109323
0.00037870,0.00049657,0.00121132
0.00037880,0.00044864,0.00128172
0.00037890,0.00036698,0.00130267
0.00037900,0.00030263,0.00127434
0.00037910,0.00008789,0.00119892
0.00037920,0.00008622,0.00108044
0.00037930,0.00002151,0.00092466
0.00037940,-0.00010959,0.00073885
0.00037950,-0.00016573,0.00053144
0.00037960,-0.00026504,0.00031171
0.00037970,-0.00064767,0.00008940
0.00037980,-0.00049182,-0.00012571
0.00037990,-0.00050318,-0.00032421
0.00038000,-0.00070701,-0.00049745
0.00038010,-0.00077067,-0.00063788
0.00038020,-0.00086456,-0.00073941
0.00038030,-0.00066828,-0.00079763
0.00038040,-0.00069692,-0.00081006
0.00038050,-0.00070988,-0.00077620
0.00038060,-0.00085451,-0.00069766
0.00038070,-0.00084102,-0.00057805
0.00038080,-0.00082004,-0.00042291
0.00038090,-0.00092435,-0.00023946
0.00038100,-0.00068621,-0.00003638
0.00038110,-0.00069643,0.00017658
0.00038120,-0.00050099,0.00038895
0.00038130,-0.00056866,0.00059002
0.00038140,-0.00055049,0.00076924
0.00038150,-0.00032051,0.00091672
0.00038160,-0.00013321,0.00102365
0.00038170,0.00012426,0.00108272
0.00038180,-0.00000789,0.00108856
0.00038190,0.00008763,0.00103793
0.00038200,0.00023553,0.00093003
0.00038210,0.00047033,0.00076657
0.00038220,0.00058538,0.00055177
0.00038230,0.00055424,0.00029226
0.00038240,0.00060423,-0.00000314
0.00038250,0.00054113,-0.00032369
0.00038260,0.00062549,-0.00065717
0.00038270,0.00050639,-0.00099029
0.00038280,0.00049807,-0.00130923
0.00038290,0.00053901,-0.00160015
0.00038300,0.00026290,-0.00184978
0.00038310,0.00028660,-0.00204590
0.00038320,0.00032302,-0.00217793
0.00038330,0.00033342,-0.00223734
0.00038340,0.00011117,-0.00221806
0.00038350,-0.00024463,-0.00211679
0.00038360,-0.00035985,-0.00193323
0.00038370,-0.00062460,-0.00167018
0.00038380,-0.00073550,-0.00133350
0.00038390,-0.00104996,-0.00093202
0.00038400,-0.00110431,-0.00047726
0.00038410,-0.00091938,0.00001695
0.00038420,-0.00123301,0.00053488
0.00038430,-0.00104608,0.00105949
0.00038440,-0.00092550,0.00157295
0.00038450,-0.00113552,0.00205729
0.00038460,-0.00114478,0.00249502
0.00038470,-0.00112754,0.00286976
0.00038480,-0.00105996,0.00316679
0.00038490,-0.00103554,0.00337362
0.00038500,-0.00060949,0.00348048
0.00038510,-0.00034701,0.00348072
0.00038520,-0.00031630,0.00337109
0.00038530,-0.00022715,0.00315195
0.00038540,-0.00016675,0.00282735
0.00038550,0.00018907,0.00240499
0.00038560,0.00042228,0.00189600
0.00038570,0.00050165,0.00131466
0.00038580,0.00064868,0.00067798
0.00038590,0.00072349,0.00000515
0.00038600,0.00086630,-0.00068306
0.00038610,0.00082849,-0.00136504
0.00038620,0.00093511,-0.00201897
0.00038630,0.00110005,-0.00262366
0.00038640,0.00103281,-0.00315920
0.00038650,0.00102758,-0.00360762
0.00038660,0.00079676,-0.00395359
0.00038670,0.00058524,-0.00418484
0.00038680,0.00029381,-0.00429267
0.00038690,0.00018031,-0.00427221
0.00038700,-0.00002626,-0.00412269
0.00038710,-0.00029963,-0.00384740
0.00038720,-0.00044323,-0.00345373
0.00038730,-0.00072655,-0.00295289
0.00038740,-0.00081649,-0.00235962
0.00038750,-0.00105608,-0.00169171
0.00038760,-0.00120929,-0.00096948
0.00038770,-0.00129599,-0.00021506
0.00038780,-0.00139417,0.00054828
0.00038790,-0.00152305,0.00129693
0.00038800,-0.00144412,0.00200772
0.00038810,-0.00140137,0.00265867
0.00038820,-0.00124834,0.00322972
0.00038830,-0.00121101,0.00370338
0.00038840,-0.00109463,0.00406528
0.00038850,-0.00091234,0.00430461
0.00038860,-0.00089951,0.00441445
0.00038870,-0.00084149,0.00439197
0.00038880,-0.00063003,0.00423849
0.00038890,-0.00033640,0.00395935
0.00038900,-0.00017199,0.00356382
0.00038910,0.00010591,0.00306468
0.00038920,0.00032559,0.00247787
0.00038930,0.00040540,0.00182193
0.00038940,0.00049636,0.00111742
0.00038950,0.00084643,0.00038627
0.00038960,0.00088297,-0.00034894
0.00038970,0.00095627,-0.00106569
0.00038980,0.00083144,-0.00174225
0.00038990,0.00073423,-0.00235833
0.00039000,0.00067967,-0.00289573
0.00039010,0.00043910,-0.00333893
0.00039020,0.00055219,-0.00367551
0.00039030,0.00026528,-0.00389653
0.00039040,0.00022304,-0.00399674
0.00039050,0.00014213,-0.00397472
0.00039060,0.00006705,-0.00383286
0.00039070,-0.00009240,-0.00357720
0.00039080,-0.00029129,-0.00321722
0.00039090,-0.00033097,-0.00276548
0.00039100,-0.00041363,-0.00223721
0.00039110,-0.00050465,-0.00164979
0.00039120,-0.00079202,-0.00102224
0.00039130,-0.00079740,-0.00037457
0.00039140,-0.00094443,0.00027285
0.00039150,-0.00113779,0.00089992
0.00039160,-0.00092841,0.00148748
0.00039170,-0.00104212,0.00201789
0.00039180,-0.00077066,0.00247562
0.00039190,-0.00077464,0.00284770
0.00039200,-0.00074538,0.00312412
0.00039210,-0.00060628,0.00329813
0.00039220,-0.00059966,0.00336639
0.00039230,-0.00013421,0.00332905
0.00039240,-0.00014302,0.00318966
0.00039250,-0.00002666,0.00295500
0.00039260,0.00007888,0.00263479
0.00039270,0.00007265,0.00224133
0.00039280,-0.00003724,0.00178895
0.00039290,0.00014388,0.00129356
0.00039300,0.00029474,0.00077201
0.00039310,0.00015008,0.00024156
0.00039320,0.00034969,-0.00028078
0.00039330,0.00018462,-0.00077877
0.00039340,0.00014299,-0.00123750
0.00039350,0.00009754,-0.00164383
0.00039360,-0.00010331,-0.00198680
0.00039370,-0.00005906,-0.00225793
0.00039380,-0.00009656,-0.00245141
0.00039390,-0.00019952,-0.00256423
0.00039400,-0.00024500,-0.00259613
0.00039410,-0.00023443,-0.00254953
0.00039420,-0.00031903,-0.00242931
0.00039430,-0.00041868,-0.00224255
0.00039440,-0.00051532,-0.00199817
0.00039450,-0.00056042,-0.00170654
0.00039460,-0.00053764,-0.00137906
0.00039470,-0.00075302,-0.00102772
0.00039480,-0.00055049,-0.00066461
0.00039490,-0.00052498,-0.00030155
0.00039500,-0.00037031,0.00005039
0.00039510,-0.00009768,0.00038119
0.00039520,-0.00001610,0.00068220
0.00039530,0.00014107,0.00094640
0.00039540,0.00003565,0.00116848
0.00039550,0.00007796,0.00134498
0.00039560,0.00008541,0.00147424
0.00039570,0.00030757,0.00155635
0.00039580,0.00037141,0.00159299
0.00039590,0.00025682,0.00158725
0.00039600,0.00046345,0.00154339
0.00039610,0.00031248,0.00146655
0.00039620,0.00042014,0.00136245
0.00039630,0.00038902,0.00123712
0.00039640,0.00018793,0.00109658
0.00039650,-0.00000075,0.00094658
0.00039660,-0.00004133,0.00079239
0.00039670,-0.00003365,0.00063854
0.00039680,-0.00032424,0.00048880
0.00039690,-0.00042126,0.00034597
0.00039700,-0.00041892,0.00021195
0.00039710,-0.00056598,0.00008776
0.00039720,-0.00047077,-0.00002641
0.00039730,-0.00078931,-0.00013105
0.00039740,-0.00094115,-0.00022718
0.00039750,-0.00102909,-0.00031616
0.00039760,-0.00107200,-0.00039952
0.00039770,-0.00094807,-0.00047877
0.00039780,-0.00102667,-0.00055523
0.00039790,-0.00084385,-0.00062987
0.00039800,-0.00096624,-0.00070318
0.00039810,-0.00061291,-0.00077508
0.00039820,-0.00068565,-0.00084489
0.00039830,-0.00063300,-0.00091130
0.00039840,-0.00033696,-0.00097236
0.00039850,-0.00034497,-0.00102561
0.00039860,0.00002145,-0.00106814
0.00039870,0.00007503,-0.00109677
0.00039880,0.00035055,-0.00110819
0.00039890,0.00045390,-0.00109922
0.00039900,0.00046306,-0.00106701
0.00039910,0.00066493,-0.00100925
0.00039920,0.00066952,-0.00092441
0.00039930,0.00064438,-0.00081188
0.00039940,0.00081078,-0.00067210
0.00039950,0.00068410,-0.00050665
0.00039960,0.00053451,-0.00031826
0.00039970,0.00058052,-0.00011076
0.00039980,0.00039403,0.00011099
0.00039990,0.00038315,0.00034124
0.00040000,-0.00013167,0.00057353
0.00040010,-0.00021575,0.00080095
0.00040020,-0.00038573,0.00101631
0.00040030,-0.00042947,0.00121248
0.00040040,-0.00044572,0.00138262
0.00040050,-0.00059640,0.00152046
0.00040060,-0.00061229,0.00162055
0.00040070,-0.00083045,0.00167851
0.00040080,-0.00069396,0.00169125
0.00040090,-0.00082091,0.00165708
0.00040100,-0.00090044,0.00157585
0.00040110,-0.00083554,0.00144897
0.00040120,-0.00089177,0.00127940
0.00040130,-0.00073544,0.00107156
0.00040140,-0.00081290,0.00083123
0.00040150,-0.00092392,0.00056532
0.00040160,-0.00056548,0.00028167
0.00040170,-0.00054113,-0.00001119
0.00040180,-0.00027937,-0.00030436
0.00040190,-0.00015593,-0.00058881
0.00040200,-0.00003172,-0.00085573
0.00040210,0.00013589,-0.00109679
0.00040220,0.00013040,-0.00130446
0.00040230,0.00045604,-0.00147227
0.00040240,0.00042084,-0.00159502
0.00040250,0.00035036,-0.00166895
0.00040260,0.00040789,-0.00169191
0.00040270,0.00029038,-0.00166343
0.00040280,0.00025479,-0.00158468
0.00040290,0.00027272,-0.00145853
0.00040300,0.00027198,-0.00128940
0.00040310,0.00031220,-0.00108313
0.00040320,0.00039440,-0.00084683
0.00040330,0.00004590,-0.00058862
0.00040340,0.00003718,-0.00031735
0.00040350,0.00006004,-0.00004235
0.00040360,-0.00017559,0.00022694
0.00040370,-0.00019651,0.00048127
0.00040380,-0.00021219,0.00071193
0.00040390,-0.00037810,0.00091101
0.00040400,-0.00049565,0.00107173
0.00040410,-0.00032455,0.00118867
0.00040420,-0.00052628,0.00125797
0.00040430,-0.00062763,0.00127752
0.00040440,-0.00054876,0.00124702
0.00040450,-0.00056011,0.00116805
0.00040460,-0.00033505,0.00104402
0.00040470,-0.00058192,0.00088014
0.00040480,-0.00070478,0.00068317
0.00040490,-0.00065277,0.00046127
0.00040500,-0.00054724,0.00022367
0.00040510,-0.00053465,-0.00001964
0.00040520,-0.00057176,-0.00025835
0.00040530,-0.00036572,-0.00048218
0.00040540,-0.00025185,-0.00068135
0.00040550,-0.00022348,-0.00084697
0.00040560,-0.00001062,-0.00097143
0.00040570,-0.00001237,-0.00104872
0.00040580,0.00003035,-0.00107469
0.00040590,0.00015426,-0.00104728
0.00040600,0.00028696,-0.00096658
0.00040610,0.00032624,-0.00083494
0.00040620,0.00032075,-0.00065686
0.00040630,0.00028523,-0.00043888
0.00040640,0.00035602,-0.00018936
0.00040650,0.00045248,0.00008180
0.00040660,0.00034802,0.00036358
0.00040670,0.00019207,0.00064417
0.00040680,0.00006120,0.00091153
0.00040690,0.00015895,0.00115381
0.00040700,0.00015137,0.00135985
0.00040710,0.00002439,0.00151964
0.00040720,-0.00021881,0.00162476
0.00040730,-0.00044763,0.00166876
0.00040740,-0.00039223,0.00164746
0.00040750,-0.00036922,0.00155913
0.00040760,-0.00041235,0.00140470
0.00040770,-0.00058762,0.00118772
0.00040780,-0.00045189,0.00091426
0.00040790,-0.00062809,0.00059277
0.00040800,-0.00058003,0.00023378
0.00040810,-0.00068442,-0.00015050
0.00040820,-0.00091887,-0.00054661
0.00040830,-0.00070983,-0.00094029
0.00040840,-0.00081709,-0.00131708
0.00040850,-0.00092924,-0.00166280
0.00040860,-0.00084023,-0.00196414
0.00040870,-0.00077548,-0.00220910
0.00040880,-0.00065112,-0.00238751
0.00040890,-0.00062559,-0.00249137
0.00040900,-0.00046511,-0.00251520
0.00040910,-0.00029167,-0.00245627
0.00040920,-0.00016127,-0.00231472
0.00040930,0.00016728,-0.00209361
0.00040940,0.00020733,-0.00179883
0.00040950,0.00030105,-0.00143890
0.00040960,0.00043552,-0.00102473
0.00040970,0.00039509,-0.00056925
0.00040980,0.00067446,-0.00008695
0.00040990,0.00060998,0.00040656
0.00041000,0.00066169,0.00089510
0.00041010,0.00053779,0.00136247
0.00041020,0.00025067,0.00179296
0.00041030,0.00043088,0.00217192
0.00041040,0.00037349,0.00248622
0.00041050,0.00044105,0.00272473
0.00041060,0.00035219,0.00287871
0.00041070,0.00007947,0.00294217
0.00041080,0.00006517,0.00291205
0.00041090,-0.00011129,0.00278840
0.00041100,-0.00032659,0.00257440
0.00041110,-0.00040482,0.00227629
0.00041120,-0.00049037,0.00190322
0.00041130,-0.00074819,0.00146694
0.00041140,-0.00087280,0.00098145
0.00041150,-0.00100539,0.00046258
0.00041160,-0.00097770,-0.00007256
0.00041170,-0.00096756,-0.00060610
0.00041180,-0.00105742,-0.00112008
0.00041190,-0.00088726,-0.00159699
0.00041200,-0.00104920,-0.00202044
0.00041210,-0.00091454,-0.00237577
0.00041220,-0.00076601,-0.00265057
0.00041230,-0.00082912,-0.00283515
0.00041240,-0.00063764,-0.00292289
0.00041250,-0.00054584,-0.00291057
0.00041260,-0.00034767,-0.00279843
0.00041270,-0.00019438,-0.00259026
0.00041280,-0.00034743,-0.00229324
0.00041290,-0.00009355,-0.00191773
0.00041300,0.00008646,-0.00147693
0.00041310,0.00002618,-0.00098643
0.00041320,0.00040931,-0.00046366
0.00041330,0.00067803,0.00007267
0.00041340,0.00062354,0.00060333
0.00041350,0.00080766,0.00110914
0.00041360,0.00045100,0.00157176
0.00041370,0.00046291,0.00197433
0.00041380,0.00030489,0.00230211
0.00041390,0.00023158,0.00254302
0.00041400,0.00029137,0.00268815
0.00041410,0.00001712,0.00273208
0.00041420,0.00014811,0.00267313
0.00041430,-0.00024182,0.00251340
0.00041440,-0.00057774,0.00225876
0.00041450,-0.00061865,0.00191861
0.00041460,-0.00048699,0.00150555
0.00041470,-0.00074869,0.00103499
0.00041480,-0.00094189,0.00052455
0.00041490,-0.00094174,-0.00000653
0.00041500,-0.00108400,-0.00053806
0.00041510,-0.00097072,-0.00104964
0.00041520,-0.00098986,-0.00152142
0.00041530,-0.00086043,-0.00193475
0.00041540,-0.00086725,-0.00227298
0.00041550,-0.00064401,-0.00252203
0.00041560,-0.00039922,-0.00267101
0.00041570,-0.00043935,-0.00271267
0.00041580,-0.00022911,-0.00264371
0.00041590,0.00000142,-0.00246502
0.00041600,0.00008399,-0.00218173
0.00041610,0.00034206,-0.00180305
0.00041620,0.00035366,-0.00134205
0.00041630,0.00071520,-0.00081523
0.00041640,0.00075221,-0.00024194
0.00041650,0.00077239,0.00035623
0.00041660,0.00093360,0.00095628
0.00041670,0.00112215,0.00153459
0.00041680,0.00127332,0.00206781
0.00041690,0.00100240,0.00253372
0.00041700,0.00103363,0.00291209
0.00041710,0.00070650,0.00318548
0.00041720,0.00048435,0.00333994
0.00041730,0.00027100,0.00336561
0.00041740,0.00000714,0.00325722
0.00041750,-0.00009962,0.00301437
0.00041760,-0.00055500,0.00264172
0.00041770,-0.00081180,0.00214895
0.00041780,-0.00115495,0.00155051
0.00041790,-0.00136960,0.00086530
0.00041800,-0.00148345,0.00011602
0.00041810,-0.00181261,-0.00067153
0.00041820,-0.00192795,-0.00146930
0.00041830,-0.00209397,-0.00224805
0.00041840,-0.00233363,-0.00297831
0.00041850,-0.00231117,-0.00363152
0.00041860,-0.00220198,-0.00418109
0.00041870,-0.00199809,-0.00460338
0.00041880,-0.00188320,-0.00487868
0.00041890,-0.00163534,-0.00499196
0.00041900,-0.00136151,-0.00493353
0.00041910,-0.00119939,-0.00469948
0.00041920,-0.00095163,-0.00429197
0.00041930,-0.00065864,-0.00371924
0.00041940,-0.00019592,-0.00299551
0.00041950,0.00001354,-0.00214057
0.00041960,0.00033190,-0.00117922
0.00041970,0.00086724,-0.00014056
0.00041980,0.00128521,0.00094298
0.00041990,0.00151245,0.00203664
0.00042000,0.00181469,0.00310449
0.00042010,0.00200647,0.00411061
0.00042020,0.00224137,0.00502032
0.00042030,0.00214978,0.00580137
0.00042040,0.00212985,0.00642503
0.00042050,0.00195887,0.00686708
0.00042060,0.00195003,0.00710867
0.00042070,0.00169081,0.00713698
0.00042080,0.00148201,0.00694575
0.00042090,0.00125903,0.00653548
0.00042100,0.00087562,0.00591359
0.00042110,0.00055172,0.00509424
0.00042120,0.00014298,0.00409802
0.00042130,-0.00023324,0.00295135
0.00042140,-0.00069808,0.00168579
0.00042150,-0.00098132,0.00033715
0.00042160,-0.00137082,-0.00105560
0.00042170,-0.00192186,-0.00245142
0.00042180,-0.00214477,-0.00380850
0.00042190,-0.00238698,-0.00508546
0.00042200,-0.00280821,-0.00624268
0.00042210,-0.00285253,-0.00724353
0.00042220,-0.00295573,-0.00805552
0.00042230,-0.00292966,-0.00865136
0.00042240,-0.00281446,-0.00900982
0.00042250,-0.00273330,-0.00911650
0.00042260,-0.00246823,-0.00896429
0.00042270,-0.00231548,-0.00855368
0.00042280,-0.00192634,-0.00789283
0.00042290,-0.00158996,-0.00699739
0.00042300,-0.00135239,-0.00589015
0.00042310,-0.00084216,-0.00460038
0.00042320,-0.00041768,-0.00316304
0.00042330,-0.00002710,-0.00161782
0.00042340,0.00042043,-0.00000795
0.00042350,0.00083841,0.00162100
0.00042360,0.00109484,0.00322252
0.00042370,0.00146643,0.00475050
0.00042380,0.00179082,0.00616058
0.00042390,0.00185724,0.00741155
0.00042400,0.00204219,0.00846656
0.00042410,0.00236709,0.00929423
0.00042420,0.00240267,0.00986965
0.00042430,0.00236605,0.01017515
0.00042440,0.00206001,0.01020084
0.00042450,0.00193847,0.00994493
0.00042460,0.00170831,0.00941386
0.00042470,0.00162459,0.00862206
0.00042480,0.00124427,0.00759156
0.00042490,0.00085538,0.00635136
0.00042500,0.00073554,0.00493653
0.00042510,0.00026709,0.00338723
0.00042520,-0.00013316,0.00174742
0.00042530,-0.00051617,0.00006362
0.00042540,-0.00088478,-0.00161653
0.00042550,-0.00131555,-0.00324570
0.00042560,-0.00161213,-0.00477826
0.00042570,-0.00177911,-0.00617165
0.00042580,-0.00196927,-0.00738761
0.00042590,-0.00213710,-0.00839331
0.00042600,-0.00214932,-0.00916225
0.00042610,-0.00231649,-0.00967501
0.00042620,-0.00244753,-0.00991978
0.00042630,-0.00247816,-0.00989257
0.00042640,-0.00248823,-0.00959729
0.00042650,-0.00207472,-0.00904553
0.00042660,-0.00182768,-0.00825609
0.00042670,-0.00158255,-0.00725434
0.00042680,-0.00137347,-0.00607139
0.00042690,-0.00104588,-0.00474303
0.00042700,-0.00081170,-0.00330868
0.00042710,-0.00058270,-0.00181010
0.00042720,-0.00016879,-0.00029017
0.00042730,0.00010491,0.00120836
0.00042740,0.00050263,0.00264417
0.00042750,0.00072474,0.00397850
0.00042760,0.00098916,0.00517624
0.00042770,0.00110387,0.00620691
0.00042780,0.00116492,0.00704543
0.00042790,0.00150150,0.00767277
0.00042800,0.00161266,0.00807642
0.00042810,0.00160578,0.00825057
0.00042820,0.00166230,0.00819620
0.00042830,0.00153892,0.00792087
0.00042840,0.00119749,0.00743837
0.00042850,0.00113175,0.00676813
0.00042860,0.00104914,0.00593452
0.00042870,0.00083194,0.00496597
0.00042880,0.00057850,0.00389403
0.00042890,0.00043733,0.00275233
0.00042900,0.00010223,0.00157554
0.00042910,-0.00027430,0.00039833
0.00042920,-0.00074828,-0.00074571
0.00042930,-0.00115668,-0.00182501
0.00042940,-0.00103412,-0.00281093
0.00042950,-0.00116473,-0.00367858
0.00042960,-0.00124116,-0.00440740
0.00042970,-0.00149466,-0.00498176
0.00042980,-0.00152715,-0.00539127
0.00042990,-0.00159256,-0.00563093
0.00043000,-0.00179752,-0.00570116
0.00043010,-0.00175308,-0.00560760
0.00043020,-0.00151705,-0.00536071
0.00043030,-0.00154532,-0.00497528
0.00043040,-0.00131431,-0.00446978
0.00043050,-0.00099264,-0.00386559
0.00043060,-0.00078287,-0.00318621
0.00043070,-0.00050841,-0.00245634
0.00043080,-0.00034935,-0.00170107
0.00043090,-0.00000247,-0.00094494
0.00043100,0.00002028,-0.00021120
0.00043110,0.00041935,0.00047894
0.00043120,0.00071801,0.00110692
0.00043130,0.00097508,0.00165733
0.00043140,0.00098664,0.00211825
0.00043150,0.00100494,0.00248149
0.00043160,0.00145467,0.00274264
0.00043170,0.00112514,0.00290102
0.00043180,0.00126518,0.00295950
0.00043190,0.00111360,0.00292415
0.00043200,0.00108785,0.00280385
0.00043210,0.00088363,0.00260974
0.00043220,0.00079127,0.00235473
0.00043230,0.00038329,0.00205287
0.00043240,0.00027093,0.00171873
0.00043250,0.00008617,0.00136687
0.00043260,-0.00030208,0.00101125
0.00043270,-0.00023684,0.00066474
0.00043280,-0.00078214,0.00033872
0.00043290,-0.00083624,0.00004273
0.00043300,-0.00111989,-0.00021576
0.00043310,-0.00129302,-0.00043145
0.00043320,-0.00161662,-0.00060127
0.00043330,-0.00187321,-0.00072432
0.00043340,-0.00185513,-0.00080169
0.00043350,-0.00195974,-0.00083629
0.00043360,-0.00169658,-0.00083255
0.00043370,-0.00158257,-0.00079612
0.00043380,-0.00156445,-0.00073351
0.00043390,-0.00138368,-0.00065175
0.00043400,-0.00086284,-0.00055803
0.00043410,-0.00067621,-0.00045934
0.00043420,-0.00022089,-0.00036219
0.00043430,-0.00007407,-0.00027236
0.00043440,0.00015735,-0.00019460
0.00043450,0.00024878,-0.00013255
0.00043460,0.00037341,-0.00008860
0.00043470,0.00064034,-0.00006390
0.00043480,0.00085292,-0.00005832
0.00043490,0.00108620,-0.00007063
0.00043500,0.00106834,-0.00009860
0.00043510,0.00141091,-0.00013917
0.00043520,0.00130638,-0.00018872
0.00043530,0.00109116,-0.00024319
0.00043540,0.00106810,-0.00029839
0.00043550,0.00099140,-0.00035015
0.00043560,0.00076953,-0.00039458
0.00043570,0.00029679,-0.00042817
0.00043580,0.00027989,-0.00044800
0.00043590,-0.00002749,-0.00045183
0.00043600,-0.00025844,-0.00043819
0.00043610,-0.00049003,-0.00040640
0.00043620,-0.00069552,-0.00035665
0.00043630,-0.00074649,-0.00028992
0.00043640,-0.00103257,-0.00020798
0.00043650,-0.00119537,-0.00011326
0.00043660,-0.00130128,-0.00000877
0.00043670,-0.00150561,0.00010207
0.00043680,-0.00159905,0.00021555
0.00043690,-0.00151285,0.00032783
0.00043700,-0.00146848,0.00043510
0.00043710,-0.00115039,0.00053370
0.00043720,-0.00097706,0.00062023
0.00043730,-0.00095035,0.00069163
0.00043740,-0.00087284,0.00074530
0.00043750,-0.00051043,0.00077911
0.00043760,-0.00020318,0.00079155
0.00043770,0.00009013,0.00078170
0.00043780,0.00004848,0.00074931
0.00043790,0.00025579,0.00069484
0.00043800,0.00048996,0.00061941
0.00043810,0.00058873,0.00052485
0.00043820,0.00062024,0.00041362
0.00043830,0.00079772,0.00028880
0.00043840,0.00087571,0.00015395
0.00043850,0.00085429,0.00001309
0.00043860,0.00071417,-0.00012949
0.00043870,0.00059914,-0.00026932
0.00043880,0.00039535,-0.00040191
0.00043890,0.00031695,-0.00052288
0.00043900,0.00015242,-0.00062811
0.00043910,-0.00005989,-0.00071387
0.00043920,-0.00019478,-0.00077696
0.00043930,-0.00048736,-0.00081484
0.00043940,-0.00077485,-0.00082573
0.00043950,-0.00086266,-0.00080870
0.00043960,-0.00111028,-0.00076379
0.00043970,-0.00120631,-0.00069201
0.00043980,-0.00135579,-0.00059537
0.00043990,-0.00144965,-0.00047688
0.00044000,-0.00137219,-0.00034046
0.00044010,-0.00123897,-0.00019089
0.00044020,-0.00119845,-0.00003361
0.00044030,-0.00103441,0.00012539
0.00044040,-0.00093585,0.00027985
0.00044050,-0.00083623,0.00042344
0.00044060,-0.00056661,0.00055005
0.00044070,-0.00028393,0.00065406
0.00044080,0.00000269,0.00073056
0.00044090,0.00029055,0.00077567
0.00044100,0.00054667,0.00078666
0.00044110,0.00082942,0.00076218
0.00044120,0.00090200,0.00070234
0.00044130,0.00077202,0.00060876
0.00044140,0.00091792,0.00048459
0.00044150,0.00099912,0.00033436
0.00044160,0.00103976,0.00016389
0.00044170,0.00106516,-0.00001996
0.00044180,0.00096616,-0.00020951
0.00044190,0.00074875,-0.00039658
0.00044200,0.00030663,-0.00057280
0.00044210,0.00044405,-0.00072996
0.00044220,0.00026573,-0.00086036
0.00044230,-0.00005470,-0.00095715
0.00044240,-0.00013961,-0.00101462
0.00044250,-0.00050305,-0.00102853
0.00044260,-0.00060678,-0.00099634
0.00044270,-0.00090161,-0.00091733
0.00044280,-0.00093294,-0.00079278
0.00044290,-0.00103046,-0.00062593
0.00044300,-0.00117142,-0.00042192
0.00044310,-0.00114619,-0.00018766
0.00044320,-0.00127451,0.00006843
0.00044330,-0.00139092,0.00033672
0.00044340,-0.00136467,0.00060672
0.00044350,-0.00146303,0.00086755
0.00044360,-0.00124571,0.00110829
0.00044370,-0.00103735,0.00131850
0.00044380,-0.00109813,0.00148860
0.00044390,-0.00086012,0.00161024
0.00044400,-0.00070057,0.00167672
0.00044410,-0.00038117,0.00168322
0.00044420,-0.00025966,0.00162707
0.00044430,-0.00008456,0.00150791
0.00044440,0.00013106,0.00132775
0.00044450,-0.00006974,0.00109098
0.00044460,0.00005453,0.00080423
0.00044470,0.00038566,0.00047621
0.00044480,0.00056175,0.00011739
0.00044490,0.00072761,-0.00026032
0.00044500,0.00084292,-0.00064403
0.00044510,0.00063916,-0.00102031
0.00044520,0.00058576,-0.00137570
0.00044530,0.00058028,-0.00169723
0.00044540,0.00055433,-0.00197288
0.00044550,0.00048772,-0.00219202
0.00044560,0.00034526,-0.00234584
0.00044570,0.00022224,-0.00242764
0.00044580,-0.00009911,-0.00243307
0.00044590,-0.00019843,-0.00236031
0.00044600,-0.00027705,-0.00221010
0.00044610,-0.00052249,-0.00198581
0.00044620,-0.00063086,-0.00169326
0.00044630,-0.00092902,-0.00134059
0.00044640,-0.00065407,-0.00093804
0.00044650,-0.00082233,-0.00049754
0.00044660,-0.00097787,-0.00003240
0.00044670,-0.00061460,0.00044313
0.00044680,-0.00086882,0.00091435
0.00044690,-0.00072136,0.00136657
0.00044700,-0.00083521,0.00178556
0.00044710,-0.00075545,0.00215805
0.00044720,-0.00059886,0.00247211
0.00044730,-0.00055505,0.00271759
0.00044740,-0.00030903,0.00288638
0.00044750,-0.00029010,0.00297272
0.00044760,0.00000923,0.00297333
0.00044770,-0.00007948,0.00288754
0.00044780,0.00031137,0.00271727
0.00044790,0.00029346,0.00246698
0.00044800,0.00045001,0.00214349
0.00044810,0.00036037,0.00175582
0.00044820,0.00023733,0.00131485
0.00044830,0.00042818,0.00083305
0.00044840,0.00021351,0.00032410
0.00044850,0.00030043,-0.00019752
0.00044860,0.00023804,-0.00071696
0.00044870,0.00015462,-0.00121941
0.00044880,-0.00002697,-0.00169054
0.00044890,-0.00025974,-0.00211698
0.00044900,-0.00027268,-0.00248662
0.00044910,-0.00041233,-0.00278904
0.00044920,-0.00047112,-0.00301579
0.00044930,-0.00059366,-0.00316061
0.00044940,-0.00086061,-0.00321959
0.00044950,-0.00104278,-0.00319127
0.00044960,-0.00095323,-0.00307664
0.00044970,-0.00093637,-0.00287908
0.00044980,-0.00091884,-0.00260425
0.00044990,-0.00095082,-0.00225987
0.00045000,-0.00095482,-0.00185554
0.00045010,-0.00089568,-0.00140241
0.00045020,-0.00082447,-0.00091290
0.00045030,-0.00076682,-0.00040037
0.00045040,-0.00057588,0.00012133
0.00045050,-0.00072062,0.00063816
0.00045060,-0.00047092,0.00113634
0.00045070,-0.00035783,0.00160267
0.00045080,-0.00029601,0.00202496
0.00045090,0.00007303,0.00239230
0.00045100,-0.00001629,0.00269536
0.00045110,0.00019674,0.00292664
0.00045120,0.00006460,0.00308065
0.00045130,0.00022599,0.00315399
0.00045140,0.00055729,0.00314548
0.00045150,0.00050906,0.00305608
0.00045160,0.00046847,0.00288891
0.00045170,0.00066410,0.00264905
0.00045180,0.00054271,0.00234344
0.00045190,0.00029110,0.00198065
0.00045200,0.00027324,0.00157061
0.00045210,0.00024660,0.00112434
0.00045220,0.00015911,0.00065366
0.00045230,-0.00004051,0.00017086
0.00045240,-0.00009843,-0.00031159
0.00045250,-0.00016140,-0.00078143
0.00045260,-0.00028224,-0.00122682
0.00045270,-0.00031569,-0.00163674
0.00045280,-0.00042590,-0.00200118
0.00045290,-0.00065156,-0.00231141
0.00045300,-0.00055748,-0.00256016
0.00045310,-0.00049946,-0.00274184
0.00045320,-0.00076459,-0.00285259
0.00045330,-0.00042901,-0.00289041
0.00045340,-0.00056666,-0.00285519
0.00045350,-0.00039918,-0.00274865
0.00045360,-0.00057091,-0.00257433
0.00045370,-0.00067685,-0.00233747
0.00045380,-0.00038397,-0.00204484
0.00045390,-0.00062405,-0.00170460
0.00045400,-0.00033788,-0.00132601
0.00045410,-0.00051198,-0.00091921
0.00045420,-0.00040973,-0.00049494
0.00045430,-0.00030856,-0.00006424
0.00045440,-0.00045184,0.00036182
0.00045450,-0.00041687,0.00077242
0.00045460,-0.00050318,0.00115729
0.00045470,-0.00033576,0.00150692
0.00045480,-0.00026779,0.00181285
0.00045490,-0.00005189,0.00206784
0.00045500,0.00005924,0.00226605
0.00045510,0.00000904,0.00240318
0.00045520,-0.00008696,0.00247657
0.00045530,0.00008753,0.00248526
0.00045540,-0.00010082,0.00243000
0.00045550,0.00008974,0.00231328
0.00045560,0.00013136,0.00213917
0.00045570,0.00017247,0.00191328
0.00045580,0.00023343,0.00164249
0.00045590,0.00008748,0.00133483
0.00045600,0.00018171,0.00099917
0.00045610,-0.00002212,0.00064498
0.00045620,0.00014714,0.00028208
0.00045630,0.00006224,-0.00007969
0.00045640,0.00014331,-0.00043068
0.00045650,0.00014990,-0.00076173
0.00045660,0.00001539,-0.00106439
0.00045670,0.00012634,-0.00133118
0.00045680,-0.00003111,-0.00155575
0.00045690,-0.00003278,-0.00173300
0.00045700,-0.00008454,-0.00185926
0.00045710,-0.00022476,-0.00193231
0.00045720,-0.00012696,-0.00195146
0.00045730,-0.00025657,-0.00191749
0.00045740,-0.00033186,-0.00183268
0.00045750,-0.00038010,-0.00170067
0.00045760,-0.00054068,-0.00152632
0.00045770,-0.00043002,-0.00131562
0.00045780,-0.00063420,-0.00107540
0.00045790,-0.00043294,-0.00081317
0.00045800,-0.00059708,-0.00053690
0.00045810,-0.00070321,-0.00025472
0.00045820,-0.00069400,0.00002522
0.00045830,-0.00086577,0.00029505
0.00045840,-0.00069323,0.00054734
0.00045850,-0.00078684,0.00077536
0.00045860,-0.00071445,0.00097321
0.00045870,-0.00078178,0.00113604
0.00045880,-0.00051911,0.00126009
0.00045890,-0.00067112,0.00134286
0.00045900,-0.00038202,0.00138309
0.00045910,-0.00023610,0.00138080
0.00045920,-0.00028196,0.00133723
0.00045930,-0.00004463,0.00125479
0.00045940,0.00019134,0.00113695
0.00045950,0.00044075,0.00098808
0.00045960,0.00052889,0.00081335
0.00045970,0.00053506,0.00061856
0.00045980,0.00049654,0.00040996
0.00045990,0.00068024,0.00019411
0.00046000,0.00073004,-0.00002230
0.00046010,0.00081250,-0.00023261
0.00046020,0.00067081,-0.00043040
0.00046030,0.00061265,-0.00060960
0.00046040,0.00047394,-0.00076473
0.00046050,0.00035180,-0.00089102
0.00046060,0.00028574,-0.00098460
0.00046070,0.00007420,-0.00104258
0.00046080,-0.00006211,-0.00106317
0.00046090,-0.00035715,-0.00104577
0.00046100,-0.00036519,-0.00099096
0.00046110,-0.00036421,-0.00090051
0.00046120,-0.00053822,-0.00077735
0.00046130,-0.00096923,-0.00062548
0.00046140,-0.00095249,-0.00044988
0.00046150,-0.00099860,-0.00025635
0.00046160,-0.00112502,-0.00005141
0.00046170,-0.00107993,0.00015795
0.00046180,-0.00103250,0.00036445
0.00046190,-0.00111114,0.00056071
0.00046200,-0.00135375,0.00073958
0.00046210,-0.00113240,0.00089430
0.00046220,-0.00109533,0.00101878
0.00046230,-0.00099057,0.00110784
0.00046240,-0.00087010,0.00115742
0.00046250,-0.00066873,0.00116471
0.00046260,-0.00041349,0.00112834
0.00046270,-0.00031200,0.00104849
0.00046280,-0.00001477,0.00092686
0.00046290,0.00024341,0.00076674
0.00046300,0.00043895,0.00057292
0.00046310,0.00070026,0.00035157
0.00046320,0.00091552,0.00011003
0.00046330,0.00072893,-0.00014335
0.00046340,0.00077821,-0.00039960
0.00046350,0.00085196,-0.00064934
0.00046360,0.00095925,-0.00088324
0.00046370,0.00092206,-0.00109230
0.00046380,0.00088277,-0.00126818
0.00046390,0.00083312,-0.00140359
0.00046400,0.00076229,-0.00149251
0.00046410,0.00065937,-0.00153046
0.00046420,0.00053685,-0.00151470
0.00046430,0.00018422,-0.00144438
0.00046440,0.00010278,-0.00132063
0.00046450,-0.00018843,-0.00114654
0.00046460,-0.00043278,-0.00092715
0.00046470,-0.00058782,-0.00066925
0.00046480,-0.00080147,-0.00038122
0.00046490,-0.00061239,-0.00007272
0.00046500,-0.00067025,0.00024566
0.00046510,-0.00096602,0.00056277
0.00046520,-0.00118779,0.00086731
0.00046530,-0.00147077,0.00114825
0.00046540,-0.00133106,0.00139525
0.00046550,-0.00131290,0.00159900
0.00046560,-0.00124541,0.00175164
0.00046570,-0.00116411,0.00184698
0.00046580,-0.00120190,0.00188081
0.00046590,-0.00105114,0.00185102
0.00046600,-0.00088920,0.00175770
0.00046610,-0.00084848,0.00160315
0.00046620,-0.00049167,0.00139181
0.00046630,-0.00039927,0.00113012
0.00046640,-0.00033496,0.00082628
0.00046650,-0.00001486,0.00048998
0.00046660,0.00007819,0.00013211
0.00046670,0.00023997,-0.00023567
0.00046680,0.00029493,-0.00060129
0.00046690,0.00038425,-0.00095270
0.00046700,0.00056659,-0.00127828
0.00046710,0.00064143,-0.00156723
0.00046720,0.00081222,-0.00180994
0.00046730,0.00088227,-0.00199826
0.00046740,0.00091583,-0.00212578
0.00046750,0.00070578,-0.00218798
0.00046760,0.00072660,-0.00218241
0.00046770,0.00060845,-0.00210865
0.00046780,0.00053974,-0.00196839
0.00046790,0.00038693,-0.00176531
0.00046800,0.00034039,-0.00150497
0.00046810,0.00022540,-0.00119464
0.00046820,0.00001682,-0.00084312
0.00046830,0.00000667,-0.00046042
0.00046840,-0.00009579,-0.00005755
0.00046850,-0.00034240,0.00035386
0.00046860,-0.00036423,0.00076179
0.00046870,-0.00055580,0.00115425
0.00046880,-0.00054321,0.00151955
0.00046890,-0.00081890,0.00184667
0.00046900,-0.00071708,0.00212552
0.00046910,-0.00067296,0.00234727
0.00046920,-0.00082584,0.00250459
0.00046930,-0.00066184,0.00259185
0.00046940,-0.00091418,0.00260529
0.00046950,-0.00079359,0.00254322
0.00046960,-0.00076147,0.00240603
0.00046970,-0.00062979,0.00219626
0.00046980,-0.00055609,0.00191859
0.00046990,-0.00069555,0.00157972
0.00047000,-0.00055881,0.00118825
0.00047010,-0.00056302,0.00075448
0.00047020,-0.00055356,0.00029014
0.00047030,-0.00058626,-0.00019192
0.00047040,-0.00043611,-0.00067804
0.00047050,-0.00039226,-0.00115417
0.00047060,-0.00032752,-0.00160622
0.00047070,-0.00032374,-0.00202049
0.00047080,-0.00036770,-0.00238408
0.00047090,-0.00030077,-0.00268526
0.00047100,-0.00029284,-0.00291387
0.00047110,-0.00015838,-0.00306166
0.00047120,-0.00027158,-0.00312263
0.00047130,0.00000190,-0.00309320
0.00047140,0.00013997,-0.00297250
0.00047150,0.00014339,-0.00276240
0.00047160,0.00004340,-0.00246753
0.00047170,0.00012609,-0.00209525
0.00047180,0.00034903,-0.00165541
0.00047190,0.00027161,-0.00116014
0.00047200,0.00025012,-0.00062346
0.00047210,0.00035137,-0.00006089
0.00047220,0.00029454,0.00051103
0.00047230,0.00030983,0.00107525
0.00047240,0.00052389,0.00161472
0.00047250,0.00043205,0.00211290
0.00047260,0.00051124,0.00255428
0.00047270,0.00017442,0.00292488
0.00047280,0.00025583,0.00321264
0.00047290,0.00016330,0.00340789
0.00047300,0.00003843,0.00350362
0.00047310,-0.00003951,0.00349578
0.00047320,-0.00017548,0.00338340
0.00047330,-0.00026150,0.00316873
0.00047340,-0.00050280,0.00285714
0.00047350,-0.00080679,0.00245700
0.00047360,-0.00098193,0.00197950
0.00047370,-0.00088140,0.00143826
0.00047380,-0.00110854,0.00084899
0.00047390,-0.00130552,0.00022897
0.00047400,-0.00136577,-0.00040339
0.00047410,-0.00126128,-0.00102915
0.00047420,-0.00136506,-0.00162938
0.00047430,-0.00150335,-0.00218567
0.00047440,-0.00134871,-0.00268075
0.00047450,-0.00126370,-0.00309895
0.00047460,-0.00097085,-0.00342673
0.00047470,-0.00090441,-0.00365310
0.00047480,-0.00074001,-0.00376999
0.00047490,-0.00058505,-0.00377260
0.00047500,-0.00045530,-0.00365954
0.00047510,-0.00011357,-0.00343301
0.00047520,-0.00026444,-0.00309872
0.00047530,-0.00008665,-0.00266580
0.00047540,0.00024005,-0.00214658
0.00047550,0.00027438,-0.00155618
0.00047560,0.00048677,-0.00091213
0.00047570,0.00063361,-0.00023381
0.00047580,0.00090829,0.00045814
0.00047590,0.00103480,0.00114244
0.00047600,0.00092709,0.00179783
0.00047610,0.00085957,0.00240372
0.00047620,0.00086026,0.00294089
0.00047630,0.00082389,0.00339202
0.00047640,0.00080363,0.00374234
0.00047650,0.00083888,0.00398006
0.00047660,0.00079883,0.00409682
0.00047670,0.00062532,0.00408795
0.00047680,0.00056478,0.00395267
0.00047690,0.00029727,0.00369420
0.00047700,0.00004111,0.00331965
0.00047710,0.00002273,0.00283981
0.00047720,-0.00022776,0.00226889
0.00047730,-0.00050699,0.00162402
0.00047740,-0.00087746,0.00092474
0.00047750,-0.00108711,0.00019232
0.00047760,-0.00131258,-0.00055087
0.00047770,-0.00135754,-0.00128214
0.00047780,-0.00135674,-0.00197912
0.00047790,-0.00133637,-0.00262055
0.00047800,-0.00108574,-0.00318688
0.00047810,-0.00118047,-0.00366083
0.00047820,-0.00128624,-0.00402800
0.00047830,-0.00129548,-0.00427718
0.00047840,-0.00126067,-0.00440076
0.00047850,-0.00110257,-0.00439488
0.00047860,-0.00083109,-0.00425961
0.00047870,-0.00066408,-0.00399886
0.00047880,-0.00055776,-0.00362032
0.00047890,-0.00059662,-0.00313517
0.00047900,-0.00042656,-0.00255777
0.00047910,-0.00018590,-0.00190515
0.00047920,-0.00007030,-0.00119652
0.00047930,0.00030685,-0.00045265
0.00047940,0.00031665,0.00030476
0.00047950,0.00042011,0.00105376
0.00047960,0.00059293,0.00177276
0.00047970,0.00051521,0.00244123
0.00047980,0.00078664,0.00304023
0.00047990,0.00062160,0.00355298
0.00048000,0.00081899,0.00396528
0.00048010,0.00068201,0.00426593
0.00048020,0.00061814,0.00444696
0.00048030,0.00081697,0.00450386
0.00048040,0.00059218,0.00443566
0.00048050,0.00072999,0.00424495
0.00048060,0.00041811,0.00393776
0.00048070,0.00028310,0.00352338
0.00048080,0.00022568,0.00301409
0.00048090,0.00021298,0.00242476
0.00048100,0.00007641,0.00177247
0.00048110,-0.00015366,0.00107593
0.00048120,-0.00035850,0.00035499
0.00048130,-0.00049453,-0.00036998
0.00048140,-0.00055215,-0.00107868
0.00048150,-0.00062669,-0.00175148
0.00048160,-0.00071825,-0.00236994
0.00048170,-0.00077762,-0.00291741
0.00048180,-0.00072678,-0.00337940
0.00048190,-0.00099549,-0.00374408
0.00048200,-0.00100855,-0.00400248
0.00048210,-0.00102862,-0.00414881
0.00048220,-0.00112413,-0.00418055
0.00048230,-0.00090697,-0.00409851
0.00048240,-0.00089329,-0.00390674
0.00048250,-0.00057754,-0.00361241
0.00048260,-0.00065635,-0.00322557
0.00048270,-0.00069814,-0.00275878
0.00048280,-0.00068145,-0.00222672
0.00048290,-0.00042895,-0.00164572
0.00048300,-0.00000918,-0.00103323
0.00048310,-0.00007385,-0.00040731
0.00048320,0.00016765,0.00021398
0.00048330,0.00004205,0.00081309
0.00048340,0.00013038,0.00137349
0.00048350,0.00024826,0.00188021
0.00048360,0.00032148,0.00232022
0.00048370,0.00048347,0.00268283
0.00048380,0.00028746,0.00295997
0.00048390,0.00044040,0.00314637
0.00048400,0.00033098,0.00323965
0.00048410,0.00031671,0.00324036
0.00048420,0.00018313,0.00315185
0.00048430,0.00008941,0.00298005
0.00048440,0.00034253,0.00273330
0.00048450,0.00012798,0.00242194
0.00048460,0.00006978,0.00205793
0.00048470,-0.00002608,0.00165449
0.00048480,-0.00009108,0.00122557
0.00048490,-0.00014306,0.00078540
0.00048500,-0.00041508,0.00034801
0.00048510,-0.00037651,-0.00007323
0.00048520,-0.00047660,-0.00046603
0.00048530,-0.00038955,-0.00081958
0.00048540,-0.00052075,-0.00112489
0.00048550,-0.00045509,-0.00137501
0.00048560,-0.00043635,-0.00156524
0.00048570,-0.00072290,-0.00169317
0.00048580,-0.00060686,-0.00175874
0.00048590,-0.00077514,-0.00176410
0.00048600,-0.00068514,-0.00171347
0.00048610,-0.00045080,-0.00161290
0.00048620,-0.00056419,-0.00146996
0.00048630,-0.00059675,-0.00129340
0.00048640,-0.00039221,-0.00109281
0.00048650,-0.00019386,-0.00087815
0.00048660,-0.00027891,-0.00065942
0.00048670,-0.00033326,-0.00044622
0.00048680,-0.00040716,-0.00024741
0.00048690,-0.00018315,-0.00007074
0.00048700,-0.00009240,0.00007743
0.00048710,0.00004690,0.00019231
0.00048720,0.00004380,0.00027091
0.00048730,0.00001752,0.00031210
0.00048740,0.00004401,0.00031661
0.00048750,-0.00013336,0.00028698
0.00048760,-0.00002415,0.00022742
0.00048770,-0.00007565,0.00014361
0.00048780,-0.00008455,0.00004235
0.00048790,0.00010439,-0.00006868
0.00048800,-0.00004599,-0.00018140
0.00048810,-0.00005233,-0.00028761
0.00048820,-0.00005759,-0.00037947
0.00048830,-0.00022621,-0.00044978
0.00048840,-0.00030894,-0.00049236
0.00048850,-0.00044902,-0.00050232
0.00048860,-0.00030098,-0.00047626
0.00048870,-0.00022494,-0.00041247
0.00048880,-0.00039223,-0.00031102
0.00048890,-0.00037984,-0.00017379
0.00048900,-0.00048421,-0.00000446
0.00048910,-0.00047614,0.00019166
0.00048920,-0.00029328,0.00040774
0.00048930,-0.00031843,0.00063577
0.00048940,-0.00037887,0.00086680
0.00048950,-0.00033240,0.00109132
0.00048960,-0.00048019,0.00129967
0.00048970,-0.00040832,0.00148240
0.00048980,-0.00058311,0.00163067
0.00048990,-0.00048655,0.00173664
0.00049000,-0.00044312,0.00179376
0.00049010,-0.00043822,0.00179710
0.00049020,-0.00018502,0.00174349
0.00049030,-0.00031468,0.00163173
0.00049040,-0.00010754,0.00146262
0.00049050,-0.00020728,0.00123898
0.00049060,-0.00026748,0.00096558
0.00049070,-0.00010887,0.00064899
0.00049080,-0.00003063,0.00029744
0.00049090,0.00010573,-0.00007950
0.00049100,-0.00011569,-0.00047114
0.00049110,0.00000880,-0.00086602
0.00049120,-0.00011541,-0.00125227
0.00049130,-0.00005252,-0.00161795
0.00049140,0.00001832,-0.00195147
0.00049150,-0.00001010,-0.00224195
0.00049160,0.00004948,-0.00247956
0.00049170,0.00007997,-0.00265584
0.00049180,-0.00005285,-0.00276404
0.00049190,-0.00015018,-0.00279929
0.00049200,-0.00011147,-0.00275877
0.00049210,-0.00020031,-0.00264186
0.00049220,-0.00014298,-0.00245010
0.00049230,-0.00022656,-0.00218721
0.00049240,0.00004464,-0.00185896
0.00049250,-0.00009141,-0.00147302
0.00049260,0.00000142,-0.00103878
0.00049270,0.00008560,-0.00056709
0.00049280,-0.00001642,-0.00006999
0.00049290,-0.00003322,0.00043960
0.00049300,-0.00027755,0.00094816
0.00049310,-0.00027028,0.00144200
0.00049320,-0.00024862,0.00190756
0.00049330,-0.00021925,0.00233180
0.00049340,-0.00018023,0.00270261
0.00049350,-0.00003565,0.00300911
0.00049360,-0.00013491,0.00324201
0.00049370,-0.00015678,0.00339393
0.00049380,-0.00027010,0.00345958
0.00049390,-0.00024837,0.00343597
0.00049400,-0.00020781,0.00332251
0.00049410,-0.00015621,0.00312104
0.00049420,-0.00012497,0.00283579
0.00049430,-0.00031200,0.00247326
0.00049440,-0.00050140,0.00204209
0.00049450,-0.00041446,0.00155280
0.00049460,-0.00028838,0.00101758
0.00049470,-0.00056167,0.00044995
0.00049480,-0.00050353,-0.00013554
0.00049490,-0.00073118,-0.00072368
0.00049500,-0.00066026,-0.00129900
0.00049510,-0.00049413,-0.00184623
0.00049520,-0.00056767,-0.00235066
0.00049530,-0.00066680,-0.00279861
0.00049540,-0.00052240,-0.00317781
0.00049550,-0.00034586,-0.00347779
0.00049560,-0.00025847,-0.00369015
0.00049570,0.00001705,-0.00380889
0.00049580,-0.00014986,-0.00383052
0.00049590,-0.00013183,-0.00375419
0.00049600,0.00017431,-0.00358172
0.00049610,0.00020751,-0.00331753
0.00049620,0.00009800,-0.00296855
0.00049630,0.00017362,-0.00254399
0.00049640,0.00005643,-0.00205511
0.00049650,-0.00000265,-0.00151491
0.00049660,0.00013094,-0.00093779
0.00049670,0.00009201,-0.00033909
0.00049680,0.00013483,0.00026528
0.00049690,-0.00005833,0.00085931
0.00049700,-0.00016076,0.00142738
0.00049710,0.00011521,0.00195465
0.00049720,-0.00009194,0.00242755
0.00049730,-0.00014313,0.00283412
0.00049740,-0.00015884,0.00316438
0.00049750,-0.00050048,0.00341062
0.00049760,-0.00039137,0.00356755
0.00049770,-0.00044148,0.00363250
0.00049780,-0.00060548,0.00360543
0.00049790,-0.00044763,0.00348888
0.00049800,-0.00033000,0.00328786
0.00049810,-0.00036633,0.00300964
0.00049820,-0.00035832,0.00266348
0.00049830,-0.00046319,0.00226030
0.00049840,-0.00043878,0.00181233
0.00049850,-0.00052886,0.00133265
0.00049860,-0.00027648,0.00083484
0.00049870,-0.00016546,0.00033252
0.00049880,-0.00016548,-0.00016106
0.00049890,-0.00015437,-0.00063340
0.00049900,-0.00006580,-0.00107309
0.00049910,-0.00002830,-0.00147016
0.00049920,0.00018345,-0.00181630
0.00049930,0.00004179,-0.00210504
0.00049940,0.00018443,-0.00233190
0.00049950,0.00018221,-0.00249437
0.00049960,-0.00010414,-0.00259190
0.00049970,-0.00001663,-0.00262578
0.00049980,-0.00002204,-0.00259901
0.00049990,0.00006203,-0.00251604
0.00050000,-0.00008025,-0.00238254
0.00050010,-0.00013428,-0.00220515
0.00050020,-0.00038432,-0.00199122
0.00050030,-0.00047455,-0.00174849
0.00050040,-0.00056328,-0.00148486
0.00050050,-0.00058039,-0.00120813
0.00050060,-0.00077504,-0.00092578
0.00050070,-0.00067383,-0.00064471
0.00050080,-0.00075579,-0.00037115
0.00050090,-0.00088446,-0.00011044
0.00050100,-0.00084126,0.00013301
0.00050110,-0.00104643,0.00035579
0.00050120,-0.00093568,0.00055549
0.00050130,-0.00091219,0.00073067
0.00050140,-0.00073766,0.00088079
0.00050150,-0.00049533,0.00100608
0.00050160,-0.00047799,0.00110744
0.00050170,-0.00057019,0.00118629
0.00050180,-0.00038997,0.00124440
0.00050190,-0.00023018,0.00128379
0.00050200,0.00003165,0.00130654
0.00050210,0.00044727,0.00131471
0.00050220,0.00046580,0.00131016
0.00050230,0.00068592,0.00129454
0.00050240,0.00065791,0.00126916
0.00050250,0.00100082,0.00123500
0.00050260,0.00116576,0.00119269
0.00050270,0.00117103,0.00114255
0.00050280,0.00116728,0.00108457
0.00050290,0.00118663,0.00101852
0.00050300,0.00098394,0.00094396
0.00050310,0.00101319,0.00086032
0.00050320,0.00096166,0.00076695
0.00050330,0.00073620,0.00066320
0.00050340,0.00042908,0.00054853
0.00050350,0.00005360,0.00042261
0.00050360,-0.00024064,0.00028536
0.00050370,-0.00049309,0.00013713
0.00050380,-0.00061810,-0.00002129
0.00050390,-0.00077539,-0.00018861
0.00050400,-0.00106090,-0.00036294
0.00050410,-0.00121105,-0.00054182
0.00050420,-0.00133490,-0.00072225
0.00050430,-0.00148985,-0.00090071
0.00050440,-0.00169313,-0.00107324
0.00050450,-0.00182926,-0.00123558
0.00050460,-0.00181210,-0.00138327
0.00050470,-0.00177753,-0.00151182
0.00050480,-0.00181009,-0.00161689
0.00050490,-0.00177044,-0.00169439
0.00050500,-0.00135640,-0.00174071
0.00050510,-0.00123813,-0.00175284
0.00050520,-0.00116418,-0.00172852
0.00050530,-0.00084922,-0.00166633
0.00050540,-0.00072396,-0.00156585
0.00050550,-0.00048484,-0.00142771
0.00050560,-0.00033576,-0.00125363
0.00050570,-0.00010026,-0.00104643
0.00050580,0.00015603,-0.00080996
0.00050590,0.00032894,-0.00054911
0.00050600,0.00074861,-0.00026960
0.00050610,0.00100364,0.00002210
0.00050620,0.00117379,0.00031898
0.00050630,0.00117615,0.00061364
0.00050640,0.00139786,0.00089857
0.00050650,0.00116980,0.00116632
0.00050660,0.00140157,0.00140976
0.00050670,0.00148877,0.00162230
0.00050680,0.00153585,0.00179810
0.00050690,0.00146552,0.00193228
0.00050700,0.00113372,0.00202105
0.00050710,0.00098385,0.00206181
0.00050720,0.00074638,0.00205330
0.00050730,0.00054290,0.00199555
0.00050740,0.00041311,0.00188997
0.00050750,0.00030519,0.00173925
0.00050760,-0.00010742,0.00154731
0.00050770,-0.00035365,0.00131923
0.00050780,-0.00066082,0.00106104
0.00050790,-0.00105355,0.00077961
0.00050800,-0.00118896,0.00048242
0.00050810,-0.00149962,0.00017735
0.00050820,-0.00161638,-0.00012755
0.00050830,-0.00196596,-0.00042429
0.00050840,-0.00183076,-0.00070517
0.00050850,-0.00177943,-0.00096305
0.00050860,-0.00166980,-0.00119146
0.00050870,-0.00153102,-0.00138487
0.00050880,-0.00162292,-0.00153877
0.00050890,-0.00135814,-0.00164981
0.00050900,-0.00140409,-0.00171584
0.00050910,-0.00113860,-0.00173600
0.00050920,-0.00100136,-0.00171070
0.00050930,-0.00093007,-0.00164160
0.00050940,-0.00051012,-0.00153158
0.00050950,-0.00048931,-0.00138465
0.00050960,-0.00035252,-0.00120585
0.00050970,-0.00018029,-0.00100107
0.00050980,0.00012792,-0.00077691
0.00050990,0.00017231,-0.00054045
0.00051000,0.00020585,-0.00029905
0.00051010,0.00021444,-0.00006009
0.00051020,0.00036049,0.00016925
0.00051030,0.00040726,0.00038221
0.00051040,0.00045965,0.00057270
0.00051050,0.00059239,0.00073548
0.00051060,0.00059063,0.00086630
0.00051070,0.00077228,0.00096208
0.00051080,0.00063734,0.00102097
0.00051090,0.00077612,0.00104241
0.00051100,0.00096322,0.00102713
0.00051110,0.00076913,0.00097712
0.00051120,0.00059498,0.00089556
0.00051130,0.00063851,0.00078670
0.00051140,0.00059023,0.00065567
0.00051150,0.00045208,0.00050836
0.00051160,0.00033697,0.00035110
0.00051170,0.00029431,0.00019051
0.00051180,0.00038238,0.00003319
0.00051190,0.00012588,-0.00011448
0.00051200,-0.00001852,-0.00024663
0.00051210,-0.00003899,-0.00035811
0.00051220,-0.00040692,-0.00044463
0.00051230,-0.00020303,-0.00050301
0.00051240,-0.00025700,-0.00053120
0.00051250,-0.00046904,-0.00052841
0.00051260,-0.00048731,-0.00049512
0.00051270,-0.00068404,-0.00043307
0.00051280,-0.00084506,-0.00034515
0.00051290,-0.00086804,-0.00023532
0.00051300,-0.00074213,-0.00010847
0.00051310,-0.00093950,0.00002982
0.00051320,-0.00104196,0.00017348
0.00051330,-0.00085183,0.00031617
0.00051340,-0.00089951,0.00045156
0.00051350,-0.00098932,0.00057354
0.00051360,-0.00088377,0.00067648
0.00051370,-0.00097679,0.00075545
0.00051380,-0.00092145,0.00080638
0.00051390,-0.00079620,0.00082624
0.00051400,-0.00094746,0.00081317
0.00051410,-0.00083813,0.00076654
0.00051420,-0.00067932,0.00068695
0.00051430,-0.00058418,0.00057628
0.00051440,-0.00046269,0.00043754
0.00051450,-0.00027841,0.00027485
0.00051460,-0.00007055,0.00009321
0.00051470,-0.00015345,-0.00010162
0.00051480,0.00010943,-0.00030333
0.00051490,0.00030983,-0.00050528
0.00051500,0.00044888,-0.00070075
0.00051510,0.00048939,-0.00088312
0.00051520,0.00049937,-0.00104614
0.00051530,0.00066023,-0.00118410
0.00051540,0.00065211,-0.00129202
0.00051550,0.00081931,-0.00136585
0.00051560,0.00084598,-0.00140254
0.00051570,0.00077736,-0.00140021
0.00051580,0.00072328,-0.00135816
0.00051590,0.00070518,-0.00127691
0.00051600,0.00061466,-0.00115821
0.00051610,0.00061982,-0.00100493
0.00051620,0.00058366,-0.00082104
0.00051630,0.00051845,-0.00061139
0.00051640,0.00028341,-0.00038166
0.00051650,0.00016493,-0.00013807
0.00051660,-0.00010397,0.00011269
0.00051670,-0.00021534,0.00036378
0.00051680,-0.00028229,0.00060832
0.00051690,-0.00051039,0.00083969
0.00051700,-0.00059145,0.00105167
0.00051710,-0.00075931,0.00123864
0.00051720,-0.00090453,0.00139572
0.00051730,-0.00092985,0.00151891
0.00051740,-0.00093860,0.00160517
0.00051750,-0.00111658,0.00165247
0.00051760,-0.00128719,0.00165983
0.00051770,-0.00141486,0.00162731
0.00051780,-0.00129662,0.00155601
0.00051790,-0.00111076,0.00144799
0.00051800,-0.00100132,0.00130621
0.00051810,-0.00096041,0.00113447
0.00051820,-0.00083413,0.00093729
0.00051830,-0.00078222,0.00071975
0.00051840,-0.00074190,0.00048742
0.00051850,-0.00067061,0.00024616
0.00051860,-0.00028406,0.00000195
0.00051870,-0.00007466,-0.00023926
0.00051880,0.00009364,-0.00047175
0.00051890,0.00027390,-0.00069015
0.00051900,0.00023867,-0.00088956
0.00051910,0.00021407,-0.00106570
0.00051920,0.00029095,-0.00121493
0.00051930,0.00044247,-0.00133436
0.00051940,0.00038781,-0.00142187
0.00051950,0.00053624,-0.00147612
0.00051960,0.00066631,-0.00149657
0.00051970,0.00057711,-0.00148349
0.00051980,0.00045277,-0.00143791
0.00051990,0.00046787,-0.00136164
0.00052000,0.00053870,-0.00125717
0.00052010,0.00042540,-0.00112766
0.00052020,0.00020847,-0.00097683
0.00052030,0.00002203,-0.00080889
0.00052040,-0.00018299,-0.00062838
0.00052050,-0.00023910,-0.00044006
0.00052060,-0.00037169,-0.00024880
0.00052070,-0.00035376,-0.00005936
0.00052080,-0.00038972,0.00012369
0.00052090,-0.00050513,0.00029612
0.00052100,-0.00057833,0.00045414
0.00052110,-0.00069263,0.00059455
0.00052120,-0.00062831,0.00071475
0.00052130,-0.00057033,0.00081282
0.00052140,-0.00064639,0.00088758
0.00052150,-0.00041899,0.00093857
0.00052160,-0.00034282,0.00096603
0.00052170,-0.00054754,0.00097087
0.00052180,-0.00041778,0.00095462
0.00052190,-0.00039994,0.00091933
0.00052200,-0.00025297,0.00086749
0.00052210,-0.00008546,0.00080190
0.00052220,-0.00009844,0.00072559
0.00052230,-0.00014644,0.00064168
0.00052240,-0.00011441,0.00055323
0.00052250,-0.00011566,0.00046317
0.00052260,-0.00008286,0.00037415
0.00052270,0.00010947,0.00028848
0.00052280,0.00025315,0.00020804
0.00052290,0.00015800,0.00013424
0.00052300,0.00028314,0.00006800
0.00052310,0.00011402,0.00000972
0.00052320,-0.00009271,-0.00004061
0.00052330,-0.00026416,-0.00008346
0.00052340,-0.00047350,-0.00011961
0.00052350,-0.00043573,-0.00015013
0.00052360,-0.00049014,-0.00017627
0.00052370,-0.00035343,-0.00019938
0.00052380,-0.00041702,-0.00022081
0.00052390,-0.00068298,-0.00024186
0.00052400,-0.00053417,-0.00026368
0.00052410,-0.00073553,-0.00028718
0.00052420,-0.00058069,-0.00031298
0.00052430,-0.00069292,-0.00034135
0.00052440,-0.00091116,-0.00037215
0.00052450,-0.00081889,-0.00040486
0.00052460,-0.00075007,-0.00043856
0.00052470,-0.00063944,-0.00047197
0.00052480,-0.00062401,-0.00050355
0.00052490,-0.00045164,-0.00053151
0.00052500,-0.00051349,-0.00055397
0.00052510,-0.00025819,-0.00056899
0.00052520,-0.00008844,-0.00057470
0.00052530,0.00008531,-0.00056942
0.00052540,0.00013171,-0.00055169
0.00052550,0.00010021,-0.00052043
0.00052560,0.00026811,-0.00047497
0.00052570,0.00014679,-0.00041512
0.00052580,0.00033319,-0.00034120
0.00052590,0.00007904,-0.00025412
0.00052600,0.00022444,-0.00015529
0.00052610,0.00016433,-0.00004670
0.00052620,0.00016787,0.00006923
0.00052630,0.00044695,0.00018960
0.00052640,0.00023282,0.00031119
0.00052650,0.00019920,0.00043051
0.00052660,0.00016372,0.00054390
0.00052670,0.00005559,0.00064766
0.00052680,-0.00023455,0.00073819
0.00052690,-0.00009839,0.00081208
0.00052700,-0.00026806,0.00086631
0.00052710,-0.00045801,0.00089832
0.00052720,-0.00049589,0.00090618
0.00052730,-0.00054229,0.00088865
0.00052740,-0.00059900,0.00084528
0.00052750,-0.00072865,0.00077646
0.00052760,-0.00074545,0.00068344
0.00052770,-0.00094397,0.00056831
0.00052780,-0.00097772,0.00043396
0.00052790,-0.00106576,0.00028405
0.00052800,-0.00099120,0.00012286
0.00052810,-0.00078968,-0.00004482
0.00052820,-0.00098928,-0.00021384
0.00052830,-0.00087753,-0.00037883
0.00052840,-0.00100510,-0.00053443
0.00052850,-0.00092057,-0.00067539
0.00052860,-0.00086277,-0.00079681
0.00052870,-0.00085186,-0.00089425
0.00052880,-0.00046894,-0.00096394
0.00052890,-0.00054619,-0.00100288
0.00052900,-0.00035878,-0.00100898
0.00052910,-0.00010763,-0.00098117
0.00052920,-0.00011757,-0.00091946
0.00052930,0.00006448,-0.00082497
0.00052940,0.00001945,-0.00069994
0.00052950,0.00014180,-0.00054771
0.00052960,0.00030123,-0.00037259
0.00052970,0.00046366,-0.00017986
0.00052980,0.00040167,0.00002449
0.00052990,0.00057697,0.00023387
0.00053000,0.00046628,0.00044131
0.00053010,0.00048864,0.00063970
0.00053020,0.00053746,0.00082202
0.00053030,0.00044655,0.00098158
0.00053040,0.00063356,0.00111224
0.00053050,0.00062516,0.00120863
0.00053060,0.00047533,0.00126632
0.00053070,0.00034526,0.00128204
0.00053080,0.00024341,0.00125376
0.00053090,0.00014276,0.00118083
0.00053100,0.00017375,0.00106404
0.00053110,0.00000548,0.00090560
0.00053120,-0.00000918,0.00070919
0.00053130,-0.00006611,0.00047981
0.00053140,-0.00018252,0.00022372
0.00053150,-0.00021013,-0.00005175
0.00053160,-0.00015451,-0.00033839
0.00053170,-0.00026724,-0.00062734
0.00053180,-0.00054356,-0.00090940
0.00053190,-0.00069513,-0.00117529
0.00053200,-0.00090610,-0.00141595
0.00053210,-0.00088166,-0.00162286
0.00053220,-0.00098057,-0.00178827
0.00053230,-0.00086302,-0.00190550
0.00053240,-0.00118082,-0.00196912
0.00053250,-0.00124872,-0.00197520
0.00053260,-0.00121736,-0.00192144
0.00053270,-0.00118520,-0.00180730
0.00053280,-0.00130276,-0.00163407
0.00053290,-0.00133422,-0.00140488
0.00053300,-0.00115177,-0.00112468
0.00053310,-0.00120549,-0.00080008
0.00053320,-0.00097383,-0.00043926
0.00053330,-0.00110357,-0.00005169
0.00053340,-0.00083251,0.00035211
0.00053350,-0.00053759,0.00076091
0.00053360,-0.00043261,0.00116306
0.00053370,-0.00017169,0.00154688
0.00053380,-0.00021216,0.00190097
0.00053390,-0.00002568,0.00221456
0.00053400,0.00002003,0.00247782
0.00053410,0.00017236,0.00268211
0.00053420,0.00059322,0.00282027
0.00053430,0.00078562,0.00288679
0.00053440,0.00108398,0.00287799
0.00053450,0.00109803,0.00279219
0.00053460,0.00100906,0.00262973
0.00053470,0.00089919,0.00239306
0.00053480,0.00102644,0.00208671
0.00053490,0.00124060,0.00171719
0.00053500,0.00115737,0.00129289
0.00053510,0.00096503,0.00082386
0.00053520,0.00082091,0.00032158
0.00053530,0.00059178,-0.00020138
0.00053540,0.00053180,-0.00073162
0.00053550,0.00040200,-0.00125534
0.00053560,0.00015121,-0.00175867
0.00053570,0.00010410,-0.00222808
0.00053580,-0.00011191,-0.00265073
0.00053590,-0.00028279,-0.00301483
0.00053600,-0.00060318,-0.00330995
0.00053610,-0.00057887,-0.00352733
0.00053620,-0.00067285,-0.00366008
0.00053630,-0.00115750,-0.00370341
0.00053640,-0.00126981,-0.00365476
0.00053650,-0.00156090,-0.00351389
0.00053660,-0.00143432,-0.00328293
0.00053670,-0.00138085,-0.00296634
0.00053680,-0.00168247,-0.00257087
0.00053690,-0.00140308,-0.00210534
0.00053700,-0.00140704,-0.00158054
0.00053710,-0.00133053,-0.00100893
0.00053720,-0.00129295,-0.00040434
0.00053730,-0.00125596,0.00021835
0.00053740,-0.00100401,0.00084366
0.00053750,-0.00091190,0.00145586
0.00053760,-0.00060994,0.00203943
0.00053770,-0.00044118,0.00257945
0.00053780,-0.00015590,0.00306202
0.00053790,-0.00018646,0.00347457
0.00053800,-0.00017870,0.00380624
0.00053810,0.00008943,0.00404811
0.00053820,0.00001889,0.00419340
0.00053830,0.00039708,0.00423769
0.00053840,0.00053656,0.00417901
0.00053850,0.00069414,0.00401795
0.00053860,0.00075212,0.00375762
0.00053870,0.00079808,0.00340363
0.00053880,0.00079600,0.00296400
0.00053890,0.00072922,0.00244889
0.00053900,0.00093080,0.00187043
0.00053910,0.00090561,0.00124239
0.00053920,0.00096058,0.00057983
0.00053930,0.00078908,-0.00010124
0.00053940,0.00071046,-0.00078430
0.00053950,0.00058965,-0.00145270
0.00053960,0.00048933,-0.00209004
0.00053970,0.00039483,-0.00268058
0.00053980,0.00035684,-0.00320960
0.00053990,0.00030806,-0.00366376
0.00054000,0.00017383,-0.00403141
0.00054010,0.00005540,-0.00430291
0.00054020,-0.00030181,-0.00447084
0.00054030,-0.00025259,-0.00453027
0.00054040,-0.00036993,-0.00447889
0.00054050,-0.00047959,-0.00431713
0.00054060,-0.00045787,-0.00404816
0.00054070,-0.00074133,-0.00367789
0.00054080,-0.00052465,-0.00321484
0.00054090,-0.00068939,-0.00266998
0.00054100,-0.00063660,-0.00205646
0.00054110,-0.00060678,-0.00138932
0.00054120,-0.00069426,-0.00068506
0.00054130,-0.00075471,0.00003868
0.00054140,-0.00086815,0.00076366
0.00054150,-0.00100113,0.00147142
0.00054160,-0.00119828,0.00214384
0.00054170,-0.00120028,0.00276355
0.00054180,-0.00129126,0.00331443
0.00054190,-0.00112142,0.00378204
0.00054200,-0.00121613,0.00415407
0.00054210,-0.00124702,0.00442061
0.00054220,-0.00092968,0.00457451
0.00054230,-0.00092436,0.00461158
0.00054240,-0.00067171,0.00453075
0.00054250,-0.00069886,0.00433407
0.00054260,-0.00056483,0.00402673
0.00054270,-0.00056142,0.00361692
0.00054280,-0.00044799,0.00311558
0.00054290,-0.00001969,0.00253617
0.00054300,0.00015097,0.00189423
0.00054310,0.00025393,0.00120699
0.00054320,0.00039892,0.00049287
0.00054330,0.00050727,-0.00022903
0.00054340,0.00081976,-0.00093946
0.00054350,0.00087781,-0.00161959
0.00054360,0.00127015,-0.00225151
0.00054370,0.00139353,-0.00281878
0.00054380,0.00130305,-0.00330685
0.00054390,0.00137161,-0.00370348
0.00054400,0.00150837,-0.00399912
0.00054410,0.00146299,-0.00418707
0.00054420,0.00128005,-0.00426371
0.00054430,0.00117728,-0.00422853
0.00054440,0.00105238,-0.00408410
0.00054450,0.00085412,-0.00383597
0.00054460,0.00071318,-0.00349243
0.00054470,0.00042593,-0.00306429
0.00054480,0.00021908,-0.00256449
0.00054490,-0.00014116,-0.00200771
0.00054500,-0.00056438,-0.00140994
0.00054510,-0.00083511,-0.00078796
0.00054520,-0.00109333,-0.00015890
0.00054530,-0.00141907,0.00046029
0.00054540,-0.00159728,0.00105332
0.00054550,-0.00171266,0.00160498
0.00054560,-0.00180361,0.00210156
0.00054570,-0.00201686,0.00253122
0.00054580,-0.00226304,0.00288426
0.00054590,-0.00226982,0.00315335
0.00054600,-0.00213789,0.00333365
0.00054610,-0.00199788,0.00342292
0.00054620,-0.00201322,0.00342147
0.00054630,-0.00188972,0.00333208
0.00054640,-0.00171056,0.00315990
0.00054650,-0.00149945,0.00291222
0.00054660,-0.00104067,0.00259817
0.00054670,-0.00080782,0.00222846
0.00054680,-0.00039938,0.00181501
0.00054690,0.00002022,0.00137053
0.00054700,0.00046257,0.00090818
0.00054710,0.00081220,0.00044110
0.00054720,0.00103948,-0.00001794
0.00054730,0.00137784,-0.00045692
0.00054740,0.00155681,-0.00086488
0.00054750,0.00173782,-0.00123224
0.00054760,0.00179390,-0.00155097
0.00054770,0.00194444,-0.00181480
0.00054780,0.00213803,-0.00201932
0.00054790,0.00199020,-0.00216201
0.00054800,0.00194823,-0.00224229
0.00054810,0.00153953,-0.00226139
0.00054820,0.00123165,-0.00222227
0.00054830,0.00106033,-0.00212948
0.00054840,0.00063269,-0.00198888
0.00054850,0.00041170,-0.00180747
0.00054860,0.00007069,-0.00159307
0.00054870,-0.00018499,-0.00135401
0.00054880,-0.00051832,-0.00109882
0.00054890,-0.00095291,-0.00083594
0.00054900,-0.00112744,-0.00057340
0.00054910,-0.00147121,-0.00031855
0.00054920,-0.00172015,-0.00007788
0.00054930,-0.00192998,0.00014319
0.00054940,-0.00214639,0.00034039
0.00054950,-0.00197692,0.00051065
0.00054960,-0.00192278,0.00065212
0.00054970,-0.00194370,0.00076409
0.00054980,-0.00177328,0.00084695
0.00054990,-0.00165351,0.00090204
0.00055000,-0.00141971,0.00093153
0.00055010,-0.00129635,0.00093827
0.00055020,-0.00113792,0.00092560
0.00055030,-0.00068518,0.00089722
0.00055040,-0.00042726,0.00085695
0.00055050,-0.00023772,0.00080858
0.00055060,0.00002584,0.00075567
0.00055070,0.00022221,0.00070141
0.00055080,0.00054923,0.00064846
0.00055090,0.00075833,0.00059886
0.00055100,0.00090704,0.00055396
0.00055110,0.00101310,0.00051440
0.00055120,0.00112618,0.00048008
0.00055130,0.00112332,0.00045027
0.00055140,0.00119731,0.00042368
0.00055150,0.00125840,0.00039855
0.00055160,0.00100702,0.00037285
0.00055170,0.00077454,0.00034437
0.00055180,0.00080861,0.00031096
0.00055190,0.00060021,0.00027058
0.00055200,0.00015215,0.00022153
0.00055210,-0.00006906,0.00016246
0.00055220,-0.00023213,0.00009252
0.00055230,-0.00047235,0.00001143
0.00055240,-0.00069411,-0.00008051
0.00055250,-0.00073961,-0.00018237
0.00055260,-0.00093680,-0.00029257
0.00055270,-0.00122799,-0.00040891
0.00055280,-0.00146557,-0.00052865
0.00055290,-0.00141466,-0.00064854
0.00055300,-0.00156879,-0.00076490
0.00055310,-0.00158192,-0.00087382
0.00055320,-0.00138561,-0.00097123
0.00055330,-0.00141250,-0.00105309
0.00055340,-0.00134015,-0.00111558
0.00055350,-0.00109111,-0.00115526
0.00055360,-0.00084699,-0.00116924
0.00055370,-0.00064705,-0.00115532
0.00055380,-0.00027095,-0.00111209
0.00055390,-0.00019236,-0.00103901
0.00055400,0.00002945,-0.00093647
0.00055410,0.00022155,-0.00080579
0.00055420,0.00032775,-0.00064925
0.00055430,0.00069005,-0.00047000
0.00055440,0.00073083,-0.00027207
0.00055450,0.00079659,-0.00006024
0.00055460,0.00083508,0.00016009
0.00055470,0.00105849,0.00038303
0.00055480,0.00102243,0.00060236
0.00055490,0.00075425,0.00081176
0.00055500,0.00061801,0.00100501
0.00055510,0.00034330,0.00117618
0.00055520,0.00033258,0.00131988
0.00055530,-0.00007846,0.00143141
0.00055540,-0.00003012,0.00150695
0.00055550,-0.00020884,0.00154375
0.00055560,-0.00056387,0.00154013
0.00055570,-0.00072145,0.00149564
0.00055580,-0.00086266,0.00141103
0.00055590,-0.00090915,0.00128826
0.00055600,-0.00116904,0.00113041
0.00055610,-0.00126874,0.00094165
0.00055620,-0.00144630,0.00072708
0.00055630,-0.00139171,0.00049262
0.00055640,-0.00133114,0.00024480
0.00055650,-0.00128918,-0.00000939
0.00055660,-0.00120380,-0.00026278
0.00055670,-0.00110490,-0.00050819
0.00055680,-0.00104706,-0.00073868
0.00055690,-0.00085967,-0.00094778
0.00055700,-0.00057645,-0.00112969
0.00055710,-0.00049285,-0.00127944
0.00055720,-0.00027167,-0.00139307
0.00055730,-0.00014203,-0.00146772
0.00055740,0.00021831,-0.00150177
0.00055750,0.00029691,-0.00149481
0.00055760,0.00045269,-0.00144768
0.00055770,0.00055048,-0.00136240
0.00055780,0.00064723,-0.00124207
0.00055790,0.00089521,-0.00109078
0.00055800,0.00105168,-0.00091337
0.00055810,0.00105333,-0.00071534
0.00055820,0.00091568,-0.00050259
0.00055830,0.00077116,-0.00028126
0.00055840,0.00073014,-0.00005755
0.00055850,0.00052102,0.00016252
0.00055860,0.00046294,0.00037324
0.00055870,0.00035158,0.00056938
0.00055880,0.00003253,0.00074630
0.00055890,-0.00011112,0.00090008
0.00055900,-0.00039956,0.00102755
0.00055910,-0.00061168,0.00112635
0.00055920,-0.00067462,0.00119494
0.00055930,-0.00069533,0.00123259
0.00055940,-0.00092805,0.00123934
0.00055950,-0.00102670,0.00121599
0.00055960,-0.00126854,0.00116400
0.00055970,-0.00139202,0.00108545
0.00055980,-0.00134535,0.00098293
0.00055990,-0.00131107,0.00085948
0.00056000,-0.00125056,0.00071845
0.00056010,-0.00113917,0.00056346
0.00056020,-0.00096147,0.00039823
0.00056030,-0.00085456,0.00022659
0.00056040,-0.00099355,0.00005230
0.00056050,-0.00081774,-0.00012097
0.00056060,-0.00069263,-0.00028970
0.00056070,-0.00052905,-0.00045059
0.00056080,-0.00027588,-0.00060059
0.00056090,-0.00007691,-0.00073694
0.00056100,0.00002283,-0.00085718
0.00056110,0.00012515,-0.00095915
0.00056120,0.00025884,-0.00104103
0.00056130,0.00020421,-0.00110131
0.00056140,0.00041300,-0.00113882
0.00056150,0.00048637,-0.00115275
0.00056160,0.00039799,-0.00114263
0.00056170,0.00041619,-0.00110836
0.00056180,0.00050940,-0.00105022
0.00056190,0.00064393,-0.00096887
0.00056200,0.00041601,-0.00086537
0.00056210,0.00039985,-0.00074121
0.00056220,0.00024345,-0.00059829
0.00056230,0.00015497,-0.00043899
0.00056240,-0.00001015,-0.00026610
0.00056250,-0.00024199,-0.00008287
0.00056260,-0.00017673,0.00010707
0.00056270,-0.00012639,0.00029972
0.00056280,-0.00028941,0.00049082
0.00056290,-0.00057189,0.00067588
0.00056300,-0.00063123,0.00085036
0.00056310,-0.00075043,0.00100975
0.00056320,-0.00070030,0.00114974
0.00056330,-0.00068054,0.00126632
0.00056340,-0.00073617,0.00135593
0.00056350,-0.00087083,0.00141556
0.00056360,-0.00094258,0.00144289
0.00056370,-0.00075794,0.00143634
0.00056380,-0.00071002,0.00139515
0.00056390,-0.00063554,0.00131944
0.00056400,-0.00062038,0.00121025
0.00056410,-0.00092393,0.00106954
0.00056420,-0.00076327,0.00090015
0.00056430,-0.00098512,0.00070580
0.00056440,-0.00085636,0.00049095
0.00056450,-0.00050180,0.00026075
0.00056460,-0.00060408,0.00002085
0.00056470,-0.00052436,-0.00022274
0.00056480,-0.00062385,-0.00046380
0.00056490,-0.00064257,-0.00069616
0.00056500,-0.00049926,-0.00091378
0.00056510,-0.00054851,-0.00111102
0.00056520,-0.00045869,-0.00128274
0.00056530,-0.00018326,-0.00142448
0.00056540,0.00000055,-0.00153256
0.00056550,0.00009779,-0.00160417
0.00056560,0.00008337,-0.00163747
0.00056570,0.00006901,-0.00163161
0.00056580,0.00012859,-0.00158675
0.00056590,0.00022449,-0.00150408
0.00056600,0.00051861,-0.00138575
0.00056610,0.00042255,-0.00123478
0.00056620,0.00036197,-0.00105504
0.00056630,0.00027910,-0.00085110
0.00056640,0.00023047,-0.00062812
0.00056650,0.00034006,-0.00039173
0.00056660,0.00041449,-0.00014789
0.00056670,0.00055567,0.00009727
0.00056680,0.00032814,0.00033763
0.00056690,0.00033745,0.00056720
0.00056700,0.00030989,0.00078033
0.00056710,0.00013881,0.00097185
0.00056720,0.00019715,0.00113719
0.00056730,0.00006160,0.00127250
0.00056740,-0.00020421,0.00137475
0.00056750,-0.00031948,0.00144180
0.00056760,-0.00039245,0.00147243
0.00056770,-0.00050241,0.00146637
0.00056780,-0.00107598,0.00142431
0.00056790,-0.00099019,0.00134787
0.00056800,-0.00091644,0.00123958
0.00056810,-0.00114446,0.00110276
0.00056820,-0.00120794,0.00094153
0.00056830,-0.00143306,0.00076064
0.00056840,-0.00130142,0.00056539
0.00056850,-0.00112904,0.00036146
0.00056860,-0.00121568,0.00015478
0.00056870,-0.00111669,-0.00004870
0.00056880,-0.00119616,-0.00024313
0.00056890,-0.00108321,-0.00042300
0.00056900,-0.00097277,-0.00058327
0.00056910,-0.00073703,-0.00071957
0.00056920,-0.00075627,-0.00082829
0.00056930,-0.00051065,-0.00090677
0.00056940,-0.00030831,-0.00095332
0.00056950,-0.00017635,-0.00096738
0.00056960,0.00004514,-0.00094944
0.00056970,0.00031777,-0.00090114
0.00056980,0.00070625,-0.00082515
0.00056990,0.00066574,-0.00072511
0.00057000,0.00074665,-0.00060549
0.00057010,0.00081706,-0.00047143
0.00057020,0.00092050,-0.00032855
0.00057030,0.00094986,-0.00018275
0.00057040,0.00102055,-0.00004000
0.00057050,0.00108014,0.00009389
0.00057060,0.00104818,0.00021350
0.00057070,0.00111069,0.00031397
0.00057080,0.00105420,0.00039125
0.00057090,0.00081385,0.00044219
0.00057100,0.00034076,0.00046473
0.00057110,0.00030308,0.00045793
0.00057120,0.00001762,0.00042208
0.00057130,0.00003202,0.00035867
0.00057140,-0.00020324,0.00027037
0.00057150,-0.00058289,0.00016090
0.00057160,-0.00074059,0.00003499
0.00057170,-0.00095070,-0.00010188
0.00057180,-0.00086959,-0.00024361
0.00057190,-0.00127805,-0.00038373
0.00057200,-0.00124719,-0.00051566
0.00057210,-0.00132931,-0.00063289
0.00057220,-0.00119618,-0.00072932
0.00057230,-0.00139578,-0.00079943
0.00057240,-0.00144659,-0.00083852
0.00057250,-0.00137805,-0.00084295
0.00057260,-0.00142725,-0.00081026
0.00057270,-0.00145657,-0.00073931
0.00057280,-0.00104760,-0.00063041
0.00057290,-0.00074878,-0.00048532
0.00057300,-0.00091052,-0.00030730
0.00057310,-0.00056652,-0.00010102
0.00057320,-0.00056008,0.00012753
0.00057330,-0.00023602,0.00037124
0.00057340,-0.00019573,0.00062201
0.00057350,0.00006594,0.00087111
0.00057360,0.00027849,0.00110938
0.00057370,0.00018927,0.00132763
0.00057380,0.00041421,0.00151691
0.00057390,0.00052997,0.00166890
0.00057400,0.00067297,0.00177622
0.00057410,0.00058968,0.00183272
0.00057420,0.00062741,0.00183374
0.00057430,0.00061883,0.00177636
0.00057440,0.00048404,0.00165955
0.00057450,0.00040975,0.00148426
0.00057460,0.00060572,0.00125348
0.00057470,0.00046386,0.00097222
0.00057480,0.00028200,0.00064739
0.00057490,0.00005221,0.00028766
0.00057500,-0.00006721,-0.00009677
0.00057510,-0.00031822,-0.00049447
0.00057520,-0.00029925,-0.00089310
0.00057530,-0.00059302,-0.00127984
0.00057540,-0.00069683,-0.00164182
0.00057550,-0.00066346,-0.00196655
0.00057560,-0.00088202,-0.00224241
0.00057570,-0.00099284,-0.00245905
0.00057580,-0.00113546,-0.00260783
0.00057590,-0.00106016,-0.00268211
0.00057600,-0.00107073,-0.00267757
0.00057610,-0.00093590,-0.00259234
0.00057620,-0.00099296,-0.00242719
0.00057630,-0.00091605,-0.00218546
0.00057640,-0.00086245,-0.00187304
0.00057650,-0.00071349,-0.00149822
0.00057660,-0.00060330,-0.00107146
0.00057670,-0.00075391,-0.00060512
0.00057680,-0.00087596,-0.00011305
0.00057690,-0.00077981,0.00038978
0.00057700,-0.00063801,0.00088780
0.00057710,-0.00042385,0.00136531
0.00057720,-0.00027641,0.00180704
0.00057730,-0.00007592,0.00219866
0.00057740,0.00006243,0.00252729
0.00057750,0.00010826,0.00278193
0.00057760,0.00031918,0.00295388
0.00057770,0.00027325,0.00303701
0.00057780,0.00029365,0.00302803
0.00057790,0.00035437,0.00292653
0.00057800,0.00041108,0.00273511
0.00057810,0.00037032,0.00245923
0.00057820,0.00043661,0.00210710
0.00057830,0.00050455,0.00168941
0.00057840,0.00026009,0.00121903
0.00057850,0.00030981,0.00071062
0.00057860,0.00020942,0.00018017
0.00057870,0.00029920,-0.00035551
0.00057880,0.00018491,-0.00087930
0.00057890,-0.00015761,-0.00137436
0.00057900,-0.00015066,-0.00182465
0.00057910,-0.00028672,-0.00221553
0.00057920,-0.00016829,-0.00253424
0.00057930,-0.00038663,-0.00277038
0.00057940,-0.00052105,-0.00291627
0.00057950,-0.00060951,-0.00296722
0.00057960,-0.00076761,-0.00292174
0.00057970,-0.00065784,-0.00278156
0.00057980,-0.00092855,-0.00255162
0.00057990,-0.00104550,-0.00223988
0.00058000,-0.00112467,-0.00185703
0.00058010,-0.00093646,-0.00141618
0.00058020,-0.00099808,-0.00093237
0.00058030,-0.00097189,-0.00042205
0.00058040,-0.00106183,0.00009746
0.00058050,-0.00104442,0.00060856
0.00058060,-0.00106557,0.00109397
0.00058070,-0.00090687,0.00153734
0.00058080,-0.00086052,0.00192376
0.00058090,-0.00083361,0.00224033
0.00058100,-0.00057722,0.00247656
0.00058110,-0.00076214,0.00262479
0.00058120,-0.00047492,0.00268040
0.00058130,-0.00042865,0.00264204
0.00058140,-0.00043497,0.00251165
0.00058150,-0.00015710,0.00229443
0.00058160,-0.00017299,0.00199861
0.00058170,0.00004683,0.00163520
0.00058180,0.00027004,0.00121756
0.00058190,0.00016087,0.00076090
0.00058200,0.00053241,0.00028175
0.00058210,0.00048224,-0.00020265
0.00058220,0.00043063,-0.00067501
0.00058230,0.00048976,-0.00111852
0.00058240,0.00050999,-0.00151753
0.00058250,0.00085582,-0.00185805
0.00058260,0.00082700,-0.00212820
0.00058270,0.00075990,-0.00231868
0.00058280,0.00069856,-0.00242302
0.00058290,0.00052997,-0.00243786
0.00058300,0.00041102,-0.00236302
0.00058310,0.00023293,-0.00220153
0.00058320,0.00038834,-0.00195948
0.00058330,0.00012744,-0.00164587
0.00058340,0.00028514,-0.00127220
0.00058350,-0.00001546,-0.00085211
0.00058360,-0.00028932,-0.00040088
0.00058370,-0.00013830,0.00006515
0.00058380,-0.00047342,0.00052913
0.00058390,-0.00046069,0.00097430
0.00058400,-0.00081355,0.00138461
0.00058410,-0.00085636,0.00174526
0.00058420,-0.00108717,0.00204321
0.00058430,-0.00118408,0.00226764
0.00058440,-0.00102581,0.00241031
0.00058450,-0.00114456,0.00246588
0.00058460,-0.00124844,0.00243202
0.00058470,-0.00129890,0.00230958
0.00058480,-0.00116846,0.00210247
0.00058490,-0.00108693,0.00181758
0.00058500,-0.00095802,0.00146450
0.00058510,-0.00109450,0.00105523
0.00058520,-0.00095073,0.00060376
0.00058530,-0.00066141,0.00012561
0.00058540,-0.00060509,-0.00036277
0.00058550,-0.00041896,-0.00084448
0.00058560,-0.00026506,-0.00130283
0.00058570,-0.00022783,-0.00172187
0.00058580,-0.00012707,-0.00208694
0.00058590,0.00003548,-0.00238517
0.00058600,0.00004585,-0.00260595
0.00058610,0.00020437,-0.00274123
0.00058620,0.00011722,-0.00278580
0.00058630,0.00026397,-0.00273751
0.00058640,0.00031972,-0.00259728
0.00058650,0.00030703,-0.00236911
0.00058660,0.00047385,-0.00205991
0.00058670,0.00042252,-0.00167930
0.00058680,0.00058442,-0.00123928
0.00058690,0.00067054,-0.00075380
0.00058700,0.00055875,-0.00023834
0.00058710,0.00053689,0.00029069
0.00058720,0.00054083,0.00081640
0.00058730,0.00030575,0.00132206
0.00058740,0.00019585,0.00179164
0.00058750,0.00028502,0.00221027
0.00058760,0.00004104,0.00256481
0.00058770,-0.00000790,0.00284417
0.00058780,-0.00011257,0.00303970
0.00058790,-0.00018298,0.00314541
0.00058800,-0.00031158,0.00315813
0.00058810,-0.00042112,0.00307759
0.00058820,-0.00039805,0.00290636
0.00058830,-0.00063156,0.00264973
0.00058840,-0.00064797,0.00231551
0.00058850,-0.00059676,0.00191377
0.00058860,-0.00069250,0.00145643
0.00058870,-0.00085578,0.00095692
0.00058880,-0.00078593,0.00042973
0.00058890,-0.00066024,-0.00011004
0.00058900,-0.00077370,-0.00064712
0.00058910,-0.00087549,-0.00116656
0.00058920,-0.00090752,-0.00165409
0.00058930,-0.00093226,-0.00209661
0.00058940,-0.00085670,-0.00248247
0.00058950,-0.00086868,-0.00280179
0.00058960,-0.00089748,-0.00304673
0.00058970,-0.00097943,-0.00321161
0.00058980,-0.00105311,-0.00329306
0.00058990,-0.00100100,-0.00328999
0.00059000,-0.00094870,-0.00320363
0.00059010,-0.00070569,-0.00303732
0.00059020,-0.00061985,-0.00279643
0.00059030,-0.00064759,-0.00248807
0.00059040,-0.00043631,-0.00212086
0.00059050,-0.00033015,-0.00170467
0.00059060,-0.00001382,-0.00125028
0.00059070,-0.00001329,-0.00076913
0.00059080,0.00001617,-0.00027302
0.00059090,0.00015458,0.00022621
0.00059100,-0.00018864,0.00071691
0.00059110,-0.00023439,0.00118792
0.00059120,0.00003630,0.00162878
0.00059130,0.00026250,0.00202994
0.00059140,0.00044243,0.00238295
0.00059150,0.00045039,0.00268065
0.00059160,0.00049277,0.00291725
0.00059170,0.00043953,0.00308842
0.00059180,0.00033355,0.00319134
0.00059190,0.00048505,0.00322468
0.00059200,0.00050792,0.00318857
0.00059210,0.00034472,0.00308449
0.00059220,0.00053185,0.00291525
0.00059230,0.00049032,0.00268478
0.00059240,0.00025985,0.00239815
0.00059250,0.00011267,0.00206134
0.00059260,0.00008475,0.00168124
0.00059270,-0.00005648,0.00126548
0.00059280,-0.00000344,0.00082232
0.00059290,-0.00022544,0.00036056
0.00059300,-0.00036297,-0.00011065
0.00059310,-0.00060031,-0.00058189
0.00059320,-0.00089507,-0.00104367
0.00059330,-0.00095064,-0.00148658
0.00059340,-0.00096622,-0.00190144
0.00059350,-0.00085244,-0.00227951
0.00059360,-0.00115268,-0.00261265
0.00059370,-0.00110765,-0.00289347
0.00059380,-0.00137545,-0.00311550
0.00059390,-0.00133411,-0.00327332
0.00059400,-0.00115755,-0.00336269
0.00059410,-0.00115031,-0.00338067
0.00059420,-0.00108413,-0.00332572
0.00059430,-0.00105736,-0.00319778
0.00059440,-0.00086334,-0.00299832
0.00059450,-0.00091441,-0.00273045
0.00059460,-0.00073533,-0.00239882
0.00059470,-0.00056145,-0.00200967
0.00059480,-0.00032816,-0.00157073
0.00059490,-0.00009784,-0.00109110
0.00059500,-0.00023605,-0.00058106
0.00059510,0.00018272,-0.00005191
0.00059520,0.00023224,0.00048428
0.00059530,0.00046493,0.00101498
0.00059540,0.00055907,0.00152749
0.00059550,0.00059492,0.00200924
0.00059560,0.00067814,0.00244815
0.00059570,0.00065232,0.00283293
0.00059580,0.00061880,0.00315343
0.00059590,0.00067011,0.00340091
0.00059600,0.00084014,0.00356831
0.00059610,0.00059641,0.00365050
0.00059620,0.00039642,0.00364446
0.00059630,0.00027568,0.00354939
0.00059640,0.00020221,0.00336684
0.00059650,0.00019298,0.00310068
0.00059660,-0.00001446,0.00275707
0.00059670,-0.00017081,0.00234434
0.00059680,-0.00026909,0.00187279
0.00059690,-0.00057688,0.00135442
0.00059700,-0.00058154,0.00080266
0.00059710,-0.00057991,0.00023198
0.00059720,-0.00078362,-0.00034253
0.00059730,-0.00077857,-0.00090558
0.00059740,-0.00104114,-0.00144214
0.00059750,-0.00083241,-0.00193791
0.00059760,-0.00117751,-0.00237973
0.00059770,-0.00120215,-0.00275594
0.00059780,-0.00130432,-0.00305675
0.00059790,-0.00137946,-0.00327451
0.00059800,-0.00103985,-0.00340389
0.00059810,-0.00107596,-0.00344207
0.00059820,-0.00089185,-0.00338882
0.00059830,-0.00088299,-0.00324652
0.00059840,-0.00087015,-0.00302006
0.00059850,-0.00073793,-0.00271679
0.00059860,-0.00065172,-0.00234620
0.00059870,-0.00024466,-0.00191971
0.00059880,-0.00021937,-0.00145027
0.00059890,0.00000902,-0.00095196
0.00059900,0.00020207,-0.00043955
0.00059910,0.00024856,0.00007197
0.00059920,-0.00000725,0.00056782
0.00059930,0.00016023,0.00103395
0.00059940,0.00029114,0.00145745
0.00059950,0.00034737,0.00182692
0.00059960,0.00047452,0.00213286
0.00059970,0.00054349,0.00236791
0.00059980,0.00050837,0.00252708
0.00059990,0.00048454,0.00260783
0.00060000,0.00035303,0.00261014
0.00060010,0.00017432,0.00253643
0.00060020,0.00025984,0.00239148
0.00060030,0.00012927,0.00218220
0.00060040,-0.00013846,0.00191738
0.00060050,-0.00012247,0.00160736
0.00060060,-0.00015577,0.00126367
0.00060070,-0.00016214,0.00089863
0.00060080,-0.00011326,0.00052487
0.00060090,-0.00029718,0.00015495
0.00060100,-0.00046741,-0.00019913
0.00060110,-0.00059035,-0.00052633
0.00060120,-0.00047778,-0.00081690
0.00060130,-0.00052821,-0.00106272
0.00060140,-0.00046716,-0.00125753
0.00060150,-0.00036783,-0.00139711
0.00060160,-0.00041695,-0.00147934
0.00060170,-0.00044798,-0.00150426
0.00060180,-0.00055766,-0.00147399
0.00060190,-0.00055722,-0.00139254
0.00060200,-0.00060497,-0.00126570
0.00060210,-0.00053827,-0.00110070
0.00060220,-0.00040303,-0.00090592
0.00060230,-0.00012393,-0.00069057
0.00060240,-0.00030185,-0.00046431
0.00060250,-0.00031016,-0.00023687
0.00060260,-0.00037434,-0.00001768
0.00060270,-0.00051586,0.00018446
0.00060280,-0.00034202,0.00036175
0.00060290,-0.00049965,0.00050763
0.00060300,-0.00035810,0.00061707
0.00060310,-0.00046697,0.00068664
0.00060320,-0.00035940,0.00071471
0.00060330,-0.00043960,0.00070140
0.00060340,-0.00055835,0.00064858
0.00060350,-0.00038329,0.00055972
0.00060360,-0.00033670,0.00043982
0.00060370,-0.00023776,0.00029509
0.00060380,-0.00044113,0.00013278
0.00060390,-0.00050682,-0.00003915
0.00060400,-0.00044517,-0.00021239
0.00060410,-0.00018909,-0.00037855
0.00060420,-0.00032905,-0.00052954
0.00060430,-0.00048511,-0.00065793
0.00060440,-0.00015513,-0.00075718
0.00060450,-0.00000520,-0.00082198
0.00060460,0.00013958,-0.00084842
0.00060470,0.00022892,-0.00083419
0.00060480,0.00019214,-0.00077865
0.00060490,0.00011963,-0.00068288
0.00060500,0.00004587,-0.00054965
0.00060510,-0.00000810,-0.00038334
0.00060520,0.00015825,-0.00018979
0.00060530,0.00020716,0.00002392
0.00060540,0.00040644,0.00024971
0.00060550,0.00021950,0.00047883
0.00060560,0.00021512,0.00070218
0.00060570,0.00038490,0.00091069
0.00060580,0.00018196,0.00109566
0.00060590,0.00012558,0.00124911
0.00060600,-0.00007367,0.00136412
0.00060610,-0.00002341,0.00143505
0.00060620,-0.00007639,0.00145781
0.00060630,-0.00028657,0.00143002
0.00060640,-0.00044755,0.00135109
0.00060650,-0.00052952,0.00122231
0.00060660,-0.00064066,0.00104682
0.00060670,-0.00088226,0.00082955
0.00060680,-0.00098284,0.00057707
0.00060690,-0.00095966,0.00029739
0.00060700,-0.00089831,-0.00000032
0.00060710,-0.00110630,-0.00030604
0.00060720,-0.00096719,-0.00060924
0.00060730,-0.00110067,-0.00089930
0.00060740,-0.00126732,-0.00116587
0.00060750,-0.00097564,-0.00139924
0.00060760,-0.00075529,-0.00159076
0.00060770,-0.00046433,-0.00173311
0.00060780,-0.00027735,-0.00182063
0.00060790,-0.00020470,-0.00184950
0.00060800,-0.00012929,-0.00181790
0.00060810,-0.00003638,-0.00172609
0.00060820,0.00039098,-0.00157639
0.00060830,0.00052504,-0.00137315
0.00060840,0.00049424,-0.00112258
0.00060850,0.00070386,-0.00083256
0.00060860,0.00070002,-0.00051242
0.00060870,0.00087464,-0.00017259
0.00060880,0.00087452,0.00017572
0.00060890,0.00078057,0.00052090
0.00060900,0.00065476,0.00085133
0.00060910,0.00050618,0.00115577
0.00060920,0.00059699,0.00142379
0.00060930,0.00036280,0.00164605
0.00060940,0.00010362,0.00181473
0.00060950,-0.00015149,0.00192369
0.00060960,-0.00043488,0.00196879
0.00060970,-0.00052598,0.00194799
0.00060980,-0.00078434,0.00186145
0.00060990,-0.00087982,0.00171152
0.00061000,-0.00113766,0.00150272
0.00061010,-0.00133932,0.00124159
0.00061020,-0.00155041,0.00093649
0.00061030,-0.00152738,0.00059733
0.00061040,-0.00138413,0.00023527
0.00061050,-0.00149800,-0.00013767
0.00061060,-0.00144650,-0.00050902
0.00061070,-0.00151598,-0.00086625
0.00061080,-0.00156425,-0.00119725
0.00061090,-0.00119845,-0.00149068
0.00061100,-0.00100126,-0.00173641
0.00061110,-0.00071018,-0.00192583
0.00061120,-0.00051996,-0.00205216
0.00061130,-0.00018544,-0.00211070
0.00061140,-0.00009890,-0.00209896
0.00061150,0.00022480,-0.00201682
0.00061160,0.00066796,-0.00186645
0.00061170,0.00085162,-0.00165236
0.00061180,0.00086816,-0.00138114
0.00061190,0.00107972,-0.00106132
0.00061200,0.00116513,-0.00070309
0.00061210,0.00119502,-0.00031792
0.00061220,0.00134693,0.00008179
0.00061230,0.00140205,0.00048311
0.00061240,0.00118748,0.00087298
0.00061250,0.00093484,0.00123866
0.00061260,0.00082278,0.00156813
0.00061270,0.00075953,0.00185042
0.00061280,0.00053974,0.00207606
0.00061290,0.00012269,0.00223735
0.00061300,0.00008861,0.00232865
0.00061310,-0.00030406,0.00234656
0.00061320,-0.00075876,0.00229010
0.00061330,-0.00105312,0.00216075
0.00061340,-0.00138456,0.00196236
0.00061350,-0.00150882,0.00170110
0.00061360,-0.00161075,0.00138518
0.00061370,-0.00167482,0.00102464
0.00061380,-0.00175718,0.00063094
0.00061390,-0.00170770,0.00021662
0.00061400,-0.00170119,-0.00020516
0.00061410,-0.00176321,-0.00062099
0.00061420,-0.00162915,-0.00101771
0.00061430,-0.00139959,-0.00138282
0.00061440,-0.00139814,-0.00170485
0.00061450,-0.00121514,-0.00197375
0.00061460,-0.00095919,-0.00218121
0.00061470,-0.00082847,-0.00232092
0.00061480,-0.00040919,-0.00238878
0.00061490,-0.00020718,-0.00238301
0.00061500,0.00003698,-0.00230422
0.00061510,0.00030160,-0.00215537
0.00061520,0.00022760,-0.00194167
0.00061530,0.00073103,-0.00167035
0.00061540,0.00080611,-0.00135048
0.00061550,0.00107398,-0.00099260
0.00061560,0.00113241,-0.00060840
0.00061570,0.00111319,-0.00021026
0.00061580,0.00118835,0.00018906
0.00061590,0.00097487,0.00057695
0.00061600,0.00086419,0.00094129
0.00061610,0.00066916,0.00127086
0.00061620,0.00058272,0.00155569
0.00061630,0.00052359,0.00178738
0.00061640,0.00025115,0.00195930
0.00061650,-0.00001957,0.00206682
0.00061660,-0.00025608,0.00210744
0.00061670,-0.00040165,0.00208078
0.00061680,-0.00059408,0.00198867
0.00061690,-0.00084345,0.00183498
0.00061700,-0.00076340,0.00162554
0.00061710,-0.00096203,0.00136790
0.00061720,-0.00117107,0.00107110
0.00061730,-0.00126648,0.00074535
0.00061740,-0.00132904,0.00040169
0.00061750,-0.00126928,0.00005165
0.00061760,-0.00131236,-0.00029312
0.00061770,-0.00095359,-0.00062128
0.00061780,-0.00102630,-0.00092210
0.00061790,-0.00086704,-0.00118584
0.00061800,-0.00067712,-0.00140408
0.00061810,-0.00074512,-0.00156996
0.00061820,-0.00075682,-0.00167842
0.00061830,-0.00054447,-0.00172637
0.00061840,-0.00030924,-0.00171281
0.00061850,-0.00017428,-0.00163880
0.00061860,-0.00001210,-0.00150749
0.00061870,0.00003847,-0.00132399
0.00061880,0.00025218,-0.00109517
0.00061890,0.00023167,-0.00082948
0.00061900,0.00034221,-0.00053657
0.00061910,0.00051354,-0.00022701
0.00061920,0.00033170,0.00008810
0.00061930,0.00020849,0.00039753
0.00061940,0.00007980,0.00069028
0.00061950,-0.00009034,0.00095594
0.00061960,-0.00012455,0.00118506
0.00061970,-0.00026237,0.00136943
0.00061980,-0.00042321,0.00150241
0.00061990,-0.00043829,0.00157914
0.00062000,-0.00055286,0.00159671
0.00062010,-0.00013471,0.00155428
0.00062020,-0.00030107,0.00145311
0.00062030,-0.00016751,0.00129653
0.00062040,-0.00039408,0.00108982
0.00062050,-0.00054265,0.00084003
0.00062060,-0.00045651,0.00055576
0.00062070,-0.00070131,0.00024682
0.00062080,-0.00054963,-0.00007605
0.00062090,-0.00059324,-0.00040159
0.00062100,-0.00043527,-0.00071836
0.00062110,-0.00053401,-0.00101514
0.00062120,-0.00020143,-0.00128131
0.00062130,-0.00026055,-0.00150718
0.00062140,-0.00040695,-0.00168433
0.00062150,-0.00036638,-0.00180590
0.00062160,-0.00040188,-0.00186684
0.00062170,-0.00040376,-0.00186410
0.00062180,-0.00025417,-0.00179674
0.00062190,-0.00012049,-0.00166603
0.00062200,-0.00002099,-0.00147536
0.00062210,-0.00010448,-0.00123017
0.00062220,-0.00032850,-0.00093779
0.00062230,-0.00021425,-0.00060718
0.00062240,-0.00022816,-0.00024862
0.00062250,-0.00037069,0.00012658
0.00062260,-0.00036377,0.00050648
0.00062270,-0.00051475,0.00087888
0.00062280,-0.00058339,0.00123174
0.00062290,-0.00063389,0.00155350
0.00062300,-0.00058662,0.00183350
0.00062310,-0.00043434,0.00206231
0.00062320,-0.00079324,0.00223203
0.00062330,-0.00058339,0.00233653
0.00062340,-0.00050834,0.00237166
0.00062350,-0.00054310,0.00233541
0.00062360,-0.00031918,0.00222797
0.00062370,-0.00041354,0.00205171
0.00062380,-0.00025872,0.00181117
0.00062390,-0.00004119,0.00151288
0.00062400,0.00005823,0.00116516
0.00062410,-0.00012680,0.00077790
0.00062420,0.00006509,0.00036221
0.00062430,0.00021866,-0.00006988
0.00062440,0.00027893,-0.00050583
0.00062450,0.00027045,-0.00093293
0.00062460,0.00021900,-0.00133874
0.00062470,0.00027096,-0.00171139
0.00062480,0.00032496,-0.00204001
0.00062490,0.00037292,-0.00231498
0.00062500,0.00013528,-0.00252823
0.00062510,0.00010950,-0.00267344
0.00062520,0.00016403,-0.00274623
0.00062530,-0.00015854,-0.00274424
0.00062540,-0.00019048,-0.00266723
0.00062550,-0.00010358,-0.00251705
0.00062560,-0.00023412,-0.00229759
0.00062570,-0.00049151,-0.00201471
0.00062580,-0.00052846,-0.00167603
0.00062590,-0.00070480,-0.00129075
0.00062600,-0.00102259,-0.00086932
0.00062610,-0.00121525,-0.00042322
0.00062620,-0.00114926,0.00003542
0.00062630,-0.00111129,0.00049414
0.00062640,-0.00104724,0.00094051
0.00062650,-0.00100963,0.00136248
0.00062660,-0.00103877,0.00174866
0.00062670,-0.00083657,0.00208870
0.00062680,-0.00091995,0.00237349
0.00062690,-0.00074900,0.00259547
0.00062700,-0.00060193,0.00274878
0.00062710,-0.00034302,0.00282945
0.00062720,-0.00030047,0.00283548
0.00062730,0.00000889,0.00276695
0.00062740,0.00003570,0.00262593
0.00062750,0.00013122,0.00241650
0.00062760,0.00036042,0.00214458
0.00062770,0.00044688,0.00181775
0.00062780,0.00063524,0.00144506
0.00062790,0.00050251,0.00103672
0.00062800,0.00085938,0.00060380
0.00062810,0.00084121,0.00015795
0.00062820,0.00083714,-0.00028900
0.00062830,0.00075431,-0.00072530
0.00062840,0.00055493,-0.00113961
0.00062850,0.00056844,-0.00152134
0.00062860,0.00024169,-0.00186086
0.00062870,0.00040804,-0.00214976
0.00062880,0.00017471,-0.00238105
0.00062890,0.00013240,-0.00254931
0.00062900,-0.00005449,-0.00265081
0.00062910,-0.00034334,-0.00268359
0.00062920,-0.00040733,-0.00264748
0.00062930,-0.00060229,-0.00254408
0.00062940,-0.00068555,-0.00237667
0.00062950,-0.00071538,-0.00215013
0.00062960,-0.00110342,-0.00187075
0.00062970,-0.00124303,-0.00154609
0.00062980,-0.00116045,-0.00118475
0.00062990,-0.00121161,-0.00079611
0.00063000,-0.00115256,-0.00039015
0.00063010,-0.00106555,0.00002287
0.00063020,-0.00094518,0.00043264
0.00063030,-0.00067267,0.00082905
0.00063040,-0.00061178,0.00120245
0.00063050,-0.00044202,0.00154387
0.00063060,-0.00039300,0.00184523
0.00063070,-0.00049521,0.00209950
0.00063080,-0.00034931,0.00230084
0.00063090,-0.00011000,0.00244477
0.00063100,0.00008531,0.00252815
0.00063110,0.00002969,0.00254931
0.00063120,0.00018837,0.00250801
0.00063130,0.00033687,0.00240546
0.00063140,0.00015208,0.00224423
0.00063150,0.00028724,0.00202825
0.00063160,0.00030636,0.00176269
0.00063170,0.00026738,0.00145383
0.00063180,0.00008796,0.00110895
0.00063190,0.00019205,0.00073619
0.00063200,0.00013861,0.00034432
0.00063210,-0.00005991,-0.00005739
0.00063220,0.00005663,-0.00045942
0.00063230,0.00002633,-0.00085218
0.00063240,-0.00007835,-0.00122625
0.00063250,-0.00021812,-0.00157256
0.00063260,-0.00034739,-0.00188264
0.00063270,-0.00013680,-0.00214882
0.00063280,-0.00027197,-0.00236440
0.00063290,-0.00021861,-0.00252383
0.00063300,-0.00039783,-0.00262283
0.00063310,-0.00052038,-0.00265852
0.00063320,-0.00037556,-0.00262951
0.00063330,-0.00066319,-0.00253592
0.00063340,-0.00056983,-0.00237944
0.00063350,-0.00037130,-0.00216326
0.00063360,-0.00030879,-0.00189211
0.00063370,-0.00040567,-0.00157209
0.00063380,-0.00042080,-0.00121061
0.00063390,-0.00043220,-0.00081618
0.00063400,-0.00033484,-0.00039824
0.00063410,-0.00029566,0.00003308
0.00063420,-0.00023886,0.00046719
0.00063430,-0.00018439,0.00089332
0.00063440,-0.00017582,0.00130078
0.00063450,-0.00014499,0.00167923
0.00063460,-0.00028867,0.00201891
0.00063470,-0.00044285,0.00231097
0.00063480,-0.00043122,0.00254760
0.00063490,-0.00039774,0.00272234
0.00063500,-0.00048038,0.00283019
0.00063510,-0.00046118,0.00286781
0.00063520,-0.00043389,0.00283361
0.00063530,-0.00043049,0.00272786
0.00063540,-0.00050307,0.00255265
0.00063550,-0.00050203,0.00231193
0.00063560,-0.00041231,0.00201142
0.00063570,-0.00025363,0.00165844
0.00063580,-0.00037586,0.00126178
0.00063590,-0.00040630,0.00083144
0.00063600,-0.00011660,0.00037839
0.00063610,-0.00028011,-0.00008573
0.00063620,-0.00030984,-0.00054893
0.00063630,-0.00002125,-0.00099916
0.00063640,0.00000156,-0.00142464
0.00063650,0.00008835,-0.00181417
0.00063660,0.00022472,-0.00215741
0.00063670,0.00035768,-0.00244520
0.00063680,0.00040685,-0.00266978
0.00063690,0.00019521,-0.00282505
0.00063700,0.00032315,-0.00290673
0.00063710,0.00019952,-0.00291252
0.00063720,0.00015152,-0.00284216
0.00063730,0.00003039,-0.00269749
0.00063740,0.00002294,-0.00248241
0.00063750,-0.00002493,-0.00220274
0.00063760,-0.00014294,-0.00186613
0.00063770,-0.00021106,-0.00148179
0.00063780,-0.00018605,-0.00106025
0.00063790,-0.00027136,-0.00061307
0.00063800,-0.00047809,-0.00015249
0.00063810,-0.00052149,0.00030890
0.00063820,-0.00057607,0.00075850
0.00063830,-0.00066254,0.00118407
0.00063840,-0.00081607,0.00157409
0.00063850,-0.00095637,0.00191801
0.00063860,-0.00081793,0.00220667
0.00063870,-0.00087689,0.00243245
0.00063880,-0.00102799,0.00258956
0.00063890,-0.00104868,0.00267418
0.00063900,-0.00111712,0.00268461
0.00063910,-0.00107256,0.00262125
0.00063920,-0.00079425,0.00248668
0.00063930,-0.00075885,0.00228546
0.00063940,-0.00042075,0.00202410
0.00063950,-0.00038180,0.00171076
0.00063960,-0.00022490,0.00135505
0.00063970,-0.00016371,0.00096770
0.00063980,0.00003036,0.00056024
0.00063990,0.00036542,0.00014468
0.00064000,0.00048936,-0.00026692
0.00064010,0.00054822,-0.00066274
0.00064020,0.00063433,-0.00103160
0.00064030,0.00051539,-0.00136327
0.00064040,0.00059642,-0.00164875
0.00064050,0.00070659,-0.00188052
0.00064060,0.00058847,-0.00205277
0.00064070,0.00080322,-0.00216154
0.00064080,0.00058527,-0.00220485
0.00064090,0.00047126,-0.00218271
0.00064100,0.00043997,-0.00209715
0.00064110,0.00020788,-0.00195213
0.00064120,-0.00003905,-0.00175338
0.00064130,-0.00008806,-0.00150823
0.00064140,-0.00034544,-0.00122530
0.00064150,-0.00056141,-0.00091428
0.00064160,-0.00059878,-0.00058551
0.00064170,-0.00079107,-0.00024969
0.00064180,-0.00087347,0.00008252
0.00064190,-0.00087107,0.00040085
0.00064200,-0.00108594,0.00069576
0.00064210,-0.00115697,0.00095871
0.00064220,-0.00117132,0.00118246
0.00064230,-0.00119701,0.00136121
0.00064240,-0.00106983,0.00149079
0.00064250,-0.00107718,0.00156873
0.00064260,-0.00089013,0.00159432
0.00064270,-0.00074386,0.00156858
0.00064280,-0.00061876,0.00149419
0.00064290,-0.00060859,0.00137538
0.00064300,-0.00074070,0.00121776
0.00064310,-0.00059874,0.00102806
0.00064320,-0.00020368,0.00081391
0.00064330,-0.00010978,0.00058355
0.00064340,0.00020001,0.00034545
0.00064350,0.00039441,0.00010809
0.00064360,0.00050293,-0.00012044
0.00064370,0.00059801,-0.00033267
0.00064380,0.00049853,-0.00052203
0.00064390,0.00070363,-0.00068306
0.00064400,0.00056936,-0.00081158
0.00064410,0.00047589,-0.00090476
0.00064420,0.00051056,-0.00096120
0.00064430,0.00059715,-0.00098092
0.00064440,0.00054144,-0.00096531
0.00064450,0.00031696,-0.00091700
0.00064460,0.00032226,-0.00083976
0.00064470,0.00013532,-0.00073831
0.00064480,-0.00007538,-0.00061811
0.00064490,-0.00024882,-0.00048516
0.00064500,-0.00034974,-0.00034570
0.00064510,-0.00040351,-0.00020603
0.00064520,-0.00067681,-0.00007216
0.00064530,-0.00046897,0.00005037
0.00064540,-0.00062991,0.00015677
0.00064550,-0.00072680,0.00024319
0.00064560,-0.00078473,0.00030691
0.00064570,-0.00074161,0.00034641
0.00064580,-0.00085184,0.00036148
0.00064590,-0.00068694,0.00035320
0.00064600,-0.00053681,0.00032384
0.00064610,-0.00065040,0.00027674
0.00064620,-0.00073530,0.00021612
0.00064630,-0.00071244,0.00014687
0.00064640,-0.00016009,0.00007426
0.00064650,-0.00031045,0.00000370
0.00064660,-0.00014472,-0.00005952
0.00064670,-0.00018037,-0.00011050
0.00064680,-0.00019157,-0.00014497
0.00064690,-0.00024471,-0.00015951
0.00064700,-0.00011939,-0.00015170
0.00064710,0.00006024,-0.00012031
0.00064720,0.00008020,-0.00006533
0.00064730,0.00006768,0.00001193
0.00064740,0.00000604,0.00010890
0.00064750,0.00010223,0.00022178
0.00064760,0.00021867,0.00034570
0.00064770,0.00002122,0.00047487
0.00064780,-0.00006188,0.00060281
0.00064790,-0.00008638,0.00072263
0.00064800,-0.00019445,0.00082729
0.00064810,-0.00021000,0.00090996
0.00064820,-0.00022429,0.00096431
0.00064830,-0.00035740,0.00098486
0.00064840,-0.00040743,0.00096725
0.00064850,-0.00021758,0.00090854
0.00064860,-0.00014317,0.00080737
0.00064870,-0.00027668,0.00066411
0.00064880,-0.00022511,0.00048090
0.00064890,-0.00015681,0.00026167
0.00064900,-0.00031553,0.00001201
0.00064910,-0.00018320,-0.00026093
0.00064920,-0.00017299,-0.00054871
0.00064930,-0.00024602,-0.00084183
0.00064940,0.00000300,-0.00113010
0.00064950,-0.00015691,-0.00140296
0.00064960,-0.00002505,-0.00164985
0.00064970,0.00016321,-0.00186067
0.00064980,-0.00010655,-0.00202607
0.00064990,-0.00011420,-0.00213790
0.00065000,-0.00020136,-0.00218952
0.00065010,-0.00009974,-0.00217609
0.00065020,-0.00000574,-0.00209481
0.00065030,-0.00011861,-0.00194513
0.00065040,-0.00006407,-0.00172873
0.00065050,-0.00032344,-0.00144964
0.00065060,-0.00048434,-0.00111407
0.00065070,-0.00035899,-0.00073026
0.00065080,-0.00053933,-0.00030828
0.00065090,-0.00061193,0.00014030
0.00065100,-0.00047126,0.00060274
0.00065110,-0.00051080,0.00106552
0.00065120,-0.00049054,0.00151472
0.00065130,-0.00054823,0.00193645
0.00065140,-0.00063791,0.00231731
0.00065150,-0.00061971,0.00264478
0.00065160,-0.00069924,0.00290770
0.00065170,-0.00059407,0.00309658
0.00065180,-0.00052464,0.00320398
0.00065190,-0.00047869,0.00322481
0.00065200,-0.00031145,0.00315647
0.00065210,-0.00021158,0.00299903
0.00065220,-0.00021103,0.00275522
0.00065230,-0.00017306,0.00243040
0.00065240,0.00009051,0.00203239
0.00065250,0.00023703,0.00157126
0.00065260,0.00037944,0.00105903
0.00065270,0.00026490,0.00050930
0.00065280,0.00035663,-0.00006312
0.00065290,0.00043126,-0.00064265
0.00065300,0.00038896,-0.00121340
0.00065310,0.00045175,-0.00175956
0.00065320,0.00025198,-0.00226591
0.00065330,0.00028759,-0.00271821
0.00065340,0.00020376,-0.00310363
0.00065350,0.00008580,-0.00341110
0.00065360,-0.00008859,-0.00363166
0.00065370,-0.00038753,-0.00375865
0.00065380,-0.00028059,-0.00378801
0.00065390,-0.00039767,-0.00371831
0.00065400,-0.00082558,-0.00355083
0.00065410,-0.00094230,-0.00328956
0.00065420,-0.00083450,-0.00294104
0.00065430,-0.00106017,-0.00251420
0.00065440,-0.00100501,-0.00202012
0.00065450,-0.00108059,-0.00147167
0.00065460,-0.00120966,-0.00088316
0.00065470,-0.00122313,-0.00026999
0.00065480,-0.00128246,0.00035185
0.00065490,-0.00099747,0.00096613
0.00065500,-0.00087980,0.00155686
0.00065510,-0.00081473,0.00210864
0.00065520,-0.00052901,0.00260712
0.00065530,-0.00055468,0.00303931
0.00065540,-0.00030851,0.00339396
0.00065550,-0.00012242,0.00366180
0.00065560,-0.00007822,0.00383582
0.00065570,0.00007218,0.00391148
0.00065580,0.00018683,0.00388679
0.00065590,0.00052151,0.00376241
0.00065600,0.00053722,0.00354162
0.00065610,0.00054244,0.00323021
0.00065620,0.00069290,0.00283639
0.00065630,0.00077984,0.00237051
0.00065640,0.00076156,0.00184479
0.00065650,0.00071762,0.00127303
0.00065660,0.00077253,0.00067020
0.00065670,0.00066612,0.00005202
0.00065680,0.00057205,-0.00056541
0.00065690,0.00051345,-0.00116606
0.00065700,0.00048821,-0.00173438
0.00065710,0.00027267,-0.00225566
0.00065720,0.00015389,-0.00271646
0.00065730,-0.00011207,-0.00310493
0.00065740,-0.00009693,-0.00341114
0.00065750,-0.00041897,-0.00362733
0.00065760,-0.00054779,-0.00374818
0.00065770,-0.00076310,-0.00377091
0.00065780,-0.00090271,-0.00369542
0.00065790,-0.00097645,-0.00352423
0.00065800,-0.00099038,-0.00326244
0.00065810,-0.00102869,-0.00291753
0.00065820,-0.00133685,-0.00249914
0.00065830,-0.00105967,-0.00201879
0.00065840,-0.00117005,-0.00148953
0.00065850,-0.00116187,-0.00092559
0.00065860,-0.00100427,-0.00034203
0.00065870,-0.00101841,0.00024574
0.00065880,-0.00069893,0.00082228
0.00065890,-0.00059026,0.00137259
0.00065900,-0.00052745,0.00188244
0.00065910,-0.00039824,0.00233878
0.00065920,-0.00014708,0.00273009
0.00065930,-0.00020675,0.00304662
0.00065940,-0.00006014,0.00328069
0.00065950,0.00037567,0.00342685
0.00065960,0.00026854,0.00348203
0.00065970,0.00048372,0.00344560
0.00065980,0.00064712,0.00331936
0.00065990,0.00051955,0.00310745
0.00066000,0.00050020,0.00281622
0.00066010,0.00051083,0.00245404
0.00066020,0.00056624,0.00203106
0.00066030,0.00047940,0.00155887
0.00066040,0.00047156,0.00105028
0.00066050,0.00060204,0.00051885
0.00066060,0.00038304,-0.00002136
0.00066070,0.00027061,-0.00055622
0.00066080,0.00029375,-0.00107190
0.00066090,0.00012188,-0.00155516
0.00066100,0.00014778,-0.00199376
0.00066110,-0.00017411,-0.00237669
0.00066120,0.00001547,-0.00269449
0.00066130,-0.00011206,-0.00293945
0.00066140,-0.00039082,-0.00310582
0.00066150,-0.00042939,-0.00318990
0.00066160,-0.00055686,-0.00319018
0.00066170,-0.00063539,-0.00310733
0.00066180,-0.00070648,-0.00294417
0.00066190,-0.00051824,-0.00270560
0.00066200,-0.00055650,-0.00239841
0.00066210,-0.00062098,-0.00203114
0.00066220,-0.00051995,-0.00161377
0.00066230,-0.00068603,-0.00115751
0.00066240,-0.00071445,-0.00067446
0.00066250,-0.00047645,-0.00017730
0.00066260,-0.00044121,0.00032106
0.00066270,-0.00045342,0.00080775
0.00066280,-0.00036220,0.00127033
0.00066290,-0.00021442,0.00169706
0.00066300,-0.00039707,0.00207719
0.00066310,-0.00015057,0.00240126
0.00066320,-0.00008969,0.00266129
0.00066330,-0.00017796,0.00285099
0.00066340,0.00016749,0.00296591
0.00066350,-0.00004051,0.00300355
0.00066360,-0.00013289,0.00296342
0.00066370,-0.00013534,0.00284700
0.00066380,-0.00004019,0.00265775
0.00066390,0.00001253,0.00240097
0.00066400,-0.00004432,0.00208365
0.00066410,0.00008216,0.00171429
0.00066420,-0.00016508,0.00130264
0.00066430,-0.00021519,0.00085949
0.00066440,-0.00029686,0.00039634
0.00066450,-0.00020285,-0.00007485
0.00066460,-0.00011799,-0.00054199
0.00066470,-0.00016333,-0.00099311
0.00066480,-0.00005482,-0.00141667
0.00066490,-0.00009915,-0.00180186
0.00066500,-0.00026424,-0.00213883
0.00066510,-0.00010818,-0.00241897
0.00066520,-0.00005292,-0.00263512
0.00066530,-0.00006326,-0.00278180
0.00066540,-0.00007348,-0.00285530
0.00066550,-0.00013687,-0.00285388
0.00066560,-0.00006308,-0.00277778
0.00066570,-0.00008229,-0.00262924
0.00066580,0.00000577,-0.00241245
0.00066590,0.00001025,-0.00213345
0.00066600,-0.00008387,-0.00179991
0.00066610,-0.00014744,-0.00142099
0.00066620,-0.00004482,-0.00100696
0.00066630,-0.00010059,-0.00056903
0.00066640,-0.00052058,-0.00011897
0.00066650,-0.00014583,0.00033120
0.00066660,-0.00025505,0.00076949
0.00066670,-0.00024900,0.00118429
0.00066680,-0.00023509,0.00156465
0.00066690,-0.00038591,0.00190056
0.00066700,-0.00030441,0.00218326
0.00066710,-0.00057900,0.00240546
0.00066720,-0.00052834,0.00256154
0.00066730,-0.00056195,0.00264777
0.00066740,-0.00048358,0.00266235
0.00066750,-0.00043876,0.00260553
0.00066760,-0.00051680,0.00247952
0.00066770,-0.00055316,0.00228848
0.00066780,-0.00046894,0.00203830
0.00066790,-0.00061774,0.00173644
0.00066800,-0.00059559,0.00139169
0.00066810,-0.00051895,0.00101389
0.00066820,-0.00036383,0.00061363
0.00066830,-0.00024376,0.00020201
0.00066840,-0.00047726,-0.00020976
0.00066850,-0.00019245,-0.00061060
0.00066860,-0.00018705,-0.00098986
0.00066870,0.00002037,-0.00133761
0.00066880,0.00018854,-0.00164489
0.00066890,0.00021021,-0.00190392
0.00066900,0.00032550,-0.00210834
0.00066910,0.00034292,-0.00225331
0.00066920,0.00034824,-0.00233567
0.00066930,0.00048588,-0.00235399
0.00066940,0.00050066,-0.00230859
0.00066950,0.00046957,-0.00220149
0.00066960,0.00047931,-0.00203635
0.00066970,0.00054127,-0.00181832
0.00066980,0.00035435,-0.00155389
0.00066990,0.00021139,-0.00125070
0.00067000,0.00009682,-0.00091729
0.00067010,-0.00020382,-0.00056292
0.00067020,-0.00015732,-0.00019725
0.00067030,-0.00023182,0.00016983
0.00067040,-0.00023614,0.00052851
0.00067050,-0.00049821,0.00086925
0.00067060,-0.00076029,0.00118306
0.00067070,-0.00088804,0.00146168
0.00067080,-0.00102935,0.00169777
0.00067090,-0.00088332,0.00188516
0.00067100,-0.00091731,0.00201890
0.00067110,-0.00102300,0.00209550
0.00067120,-0.00098294,0.00211296
0.00067130,-0.00080628,0.00207088
0.00067140,-0.00078738,0.00197047
0.00067150,-0.00076612,0.00181452
0.00067160,-0.00071271,0.00160739
0.00067170,-0.00073313,0.00135480
0.00067180,-0.00064605,0.00106380
0.00067190,-0.00039108,0.00074247
0.00067200,-0.00032205,0.00039977
0.00067210,-0.00039513,0.00004529
0.00067220,-0.00016600,-0.00031103
0.00067230,0.00002751,-0.00065910
0.00067240,0.00033018,-0.00098899
0.00067250,0.00032984,-0.00129114
0.00067260,0.00042758,-0.00155668
0.00067270,0.00046209,-0.00177761
0.00067280,0.00058041,-0.00194711
0.00067290,0.00059214,-0.00205971
0.00067300,0.00061410,-0.00211150
0.00067310,0.00072563,-0.00210030
0.00067320,0.00070220,-0.00202573
0.00067330,0.00058585,-0.00188929
0.00067340,0.00043710,-0.00169432
0.00067350,0.00037231,-0.00144594
0.00067360,0.00029629,-0.00115095
0.00067370,0.00023795,-0.00081759
0.00067380,0.00004546,-0.00045538
0.00067390,0.00000886,-0.00007481
0.00067400,-0.00013903,0.00031295
0.00067410,-0.00023273,0.00069632
0.00067420,-0.00052933,0.00106373
0.00067430,-0.00063163,0.00140387
0.00067440,-0.00074917,0.00170610
0.00067450,-0.00082488,0.00196075
0.00067460,-0.00086920,0.00215944
0.00067470,-0.00099541,0.00229535
0.00067480,-0.00091936,0.00236347
0.00067490,-0.00104089,0.00236081
0.00067500,-0.00092483,0.00228645
0.00067510,-0.00096313,0.00214169
0.00067520,-0.00070604,0.00192995
0.00067530,-0.00065002,0.00165675
0.00067540,-0.00061611,0.00132951
0.00067550,-0.00048175,0.00095740
0.00067560,-0.00046057,0.00055101
0.00067570,-0.00028753,0.00012207
0.00067580,-0.00036041,-0.00031687
0.00067590,-0.00002572,-0.00075287
0.00067600,-0.00001326,-0.00117292
0.00067610,0.00013544,-0.00156439
0.00067620,0.00024749,-0.00191536
0.00067630,0.00027270,-0.00221501
0.00067640,0.00030729,-0.00245393
0.00067650,0.00034017,-0.00262443
0.00067660,0.00030564,-0.00272077
0.00067670,0.00037392,-0.00273936
0.00067680,0.00024575,-0.00267889
0.00067690,0.00034948,-0.00254038
0.00067700,0.00032879,-0.00232719
0.00067710,0.00018475,-0.00204487
0.00067720,0.00022825,-0.00170108
0.00067730,-0.00008190,-0.00130531
0.00067740,0.00007569,-0.00086862
0.00067750,0.00006694,-0.00040333
0.00067760,-0.00007171,0.00007736
0.00067770,-0.00017022,0.00055977
0.00067780,-0.00041720,0.00103012
0.00067790,-0.00021915,0.00147492
0.00067800,-0.00040059,0.00188144
0.00067810,-0.00054018,0.00223800
0.00067820,-0.00046097,0.00253436
0.00067830,-0.00057234,0.00276199
0.00067840,-0.00067018,0.00291434
0.00067850,-0.00063518,0.00298698
0.00067860,-0.00072816,0.00297777
0.00067870,-0.00047740,0.00288687
0.00067880,-0.00043077,0.00271678
0.00067890,-0.00057198,0.00247224
0.00067900,-0.00053287,0.00216009
0.00067910,-0.00047296,0.00178910
0.00067920,-0.00046403,0.00136968
0.00067930,-0.00035092,0.00091361
0.00067940,-0.00032366,0.00043369
0.00067950,-0.00007803,-0.00005664
0.00067960,0.00025096,-0.00054372
0.00067970,0.00013653,-0.00101404
0.00067980,0.00016714,-0.00145466
0.00067990,0.00012231,-0.00185364
0.00068000,0.00026536,-0.00220030
0.00068010,0.00026140,-0.00248558
0.00068020,0.00016812,-0.00270226
0.00068030,0.00034129,-0.00284514
0.00068040,0.00017586,-0.00291114
0.00068050,0.00002488,-0.00289936
0.00068060,0.00001973,-0.00281104
0.00068070,-0.00007059,-0.00264954
0.00068080,-0.00003809,-0.00242018
0.00068090,-0.00005091,-0.00213009
0.00068100,-0.00001776,-0.00178797
0.00068110,-0.00016881,-0.00140386
0.00068120,-0.00006189,-0.00098879
0.00068130,-0.00026674,-0.00055449
0.00068140,-0.00034345,-0.00011302
0.00068150,-0.00028640,0.00032356
0.00068160,-0.00045879,0.00074356
0.00068170,-0.00026387,0.00113601
0.00068180,-0.00044166,0.00149091
0.00068190,-0.00041087,0.00179956
0.00068200,-0.00037640,0.00205473
0.00068210,-0.00035992,0.00225081
0.00068220,-0.00029840,0.00238399
0.00068230,-0.00044344,0.00245222
0.00068240,-0.00038063,0.00245529
0.00068250,-0.00033322,0.00239475
0.00068260,-0.00032032,0.00227380
0.00068270,-0.00020109,0.00209717
0.00068280,-0.00005900,0.00187095
0.00068290,-0.00023998,0.00160241
0.00068300,-0.00040612,0.00129974
0.00068310,-0.00024279,0.00097187
0.00068320,-0.00016437,0.00062819
0.00068330,-0.00020072,0.00027826
0.00068340,-0.00001398,-0.00006840
0.00068350,-0.00012341,-0.00040260
0.00068360,-0.00015840,-0.00071573
0.00068370,-0.00008237,-0.00099997
0.00068380,-0.00001759,-0.00124854
0.00068390,-0.00001795,-0.00145578
0.00068400,-0.00007663,-0.00161737
0.00068410,0.00017785,-0.00173034
0.00068420,-0.00009272,-0.00179316
0.00068430,-0.00004781,-0.00180573
0.00068440,-0.00011153,-0.00176931
0.00068450,-0.00004424,-0.00168650
0.00068460,0.00009197,-0.00156108
0.00068470,-0.00008629,-0.00139791
0.00068480,-0.00011622,-0.00120277
0.00068490,-0.00018069,-0.00098218
0.00068500,0.00026978,-0.00074322
0.00068510,-0.00005969,-0.00049330
0.00068520,0.00006463,-0.00023996
0.00068530,0.00019052,0.00000937
0.00068540,0.00010973,0.00024757
0.00068550,0.00019180,0.00046807
0.00068560,0.00010753,0.00066499
0.00068570,0.00020680,0.00083334
0.00068580,-0.00004970,0.00096913
0.00068590,-0.00021404,0.00106947
0.00068600,-0.00013691,0.00113261
0.00068610,-0.00004664,0.00115801
0.00068620,-0.00012254,0.00114624
0.00068630,-0.00023457,0.00109905
0.00068640,-0.00041937,0.00101920
0.00068650,-0.00037286,0.00091040
0.00068660,-0.00042842,0.00077716
0.00068670,-0.00046643,0.00062468
0.00068680,-0.00051646,0.00045862
0.00068690,-0.00081453,0.00028499
0.00068700,-0.00068984,0.00010990
0.00068710,-0.00076114,-0.00006063
0.00068720,-0.00074048,-0.00022087
0.00068730,-0.00094032,-0.00036554
0.00068740,-0.00075917,-0.00049004
0.00068750,-0.00078065,-0.00059055
0.00068760,-0.00084809,-0.00066420
0.00068770,-0.00080607,-0.00070913
0.00068780,-0.00075669,-0.00072453
0.00068790,-0.00034612,-0.00071069
0.00068800,-0.00049250,-0.00066893
0.00068810,-0.00032479,-0.00060154
0.00068820,-0.00014267,-0.00051169
0.00068830,-0.00002079,-0.00040330
0.00068840,0.00017117,-0.00028086
0.00068850,0.00041878,-0.00014929
0.00068860,0.00044572,-0.00001376
0.00068870,0.00037947,0.00012051
0.00068880,0.00056360,0.00024840
0.00068890,0.00057563,0.00036511
0.00068900,0.00049420,0.00046628
0.00068910,0.00059652,0.00054817
0.00068920,0.00067743,0.00060779
0.00068930,0.00067232,0.00064299
0.00068940,0.00077998,0.00065253
0.00068950,0.00074301,0.00063614
0.00068960,0.00051696,0.00059447
0.00068970,0.00028914,0.00052908
0.00068980,0.00034104,0.00044238
0.00068990,0.00013524,0.00033753
0.00069000,-0.00010795,0.00021833
0.00069010,-0.00021174,0.00008908
0.00069020,-0.00027632,-0.00004554
0.00069030,-0.00047695,-0.00018068
0.00069040,-0.00069788,-0.00031145
0.00069050,-0.00079084,-0.00043309
0.00069060,-0.00106615,-0.00054120
0.00069070,-0.00118024,-0.00063184
0.00069080,-0.00119920,-0.00070168
0.00069090,-0.00132577,-0.00074814
0.00069100,-0.00112223,-0.00076946
0.00069110,-0.00118630,-0.00076476
0.00069120,-0.00122170,-0.00073402
0.00069130,-0.00127304,-0.00067816
0.00069140,-0.00141113,-0.00059890
0.00069150,-0.00108579,-0.00049877
0.00069160,-0.00106830,-0.00038101
0.00069170,-0.00089846,-0.00024942
0.00069180,-0.00062465,-0.00010834
0.00069190,-0.00050982,0.00003760
0.00069200,-0.00037954,0.00018349
0.00069210,-0.00031905,0.00032444
0.00069220,-0.00016137,0.00045563
0.00069230,-0.00013145,0.00057254
0.00069240,0.00018276,0.00067112
0.00069250,0.00045319,0.00074785
0.00069260,0.00060802,0.00079997
0.00069270,0.00066629,0.00082549
0.00069280,0.00080266,0.00082331
0.00069290,0.00108684,0.00079324
0.00069300,0.00124088,0.00073604
0.00069310,0.00102386,0.00065337
0.00069320,0.00087688,0.00054780
0.00069330,0.00093623,0.00042272
0.00069340,0.00082347,0.00028223
0.00069350,0.00078789,0.00013103
0.00069360,0.00082477,-0.00002572
0.00069370,0.00062206,-0.00018257
0.00069380,0.00024738,-0.00033398
0.00069390,0.00018357,-0.00047448
0.00069400,0.00010635,-0.00059889
0.00069410,0.00003241,-0.00070250
0.00069420,-0.00014789,-0.00078123
0.00069430,-0.00036858,-0.00083180
0.00069440,-0.00056079,-0.00085186
0.00069450,-0.00073105,-0.00084009
0.00069460,-0.00088234,-0.00079625
0.00069470,-0.00103916,-0.00072121
0.00069480,-0.00107226,-0.00061701
0.00069490,-0.00114855,-0.00048675
0.00069500,-0.00110360,-0.00033456
0.00069510,-0.00117361,-0.00016549
0.00069520,-0.00109021,0.00001467
0.00069530,-0.00098748,0.00019950
0.00069540,-0.00120280,0.00038226
0.00069550,-0.00100183,0.00055604
0.00069560,-0.00082771,0.00071406
0.00069570,-0.00079569,0.00084991
0.00069580,-0.00064554,0.00095783
0.00069590,-0.00053591,0.00103287
0.00069600,-0.00032928,0.00107120
0.00069610,-0.00027876,0.00107014
0.00069620,-0.00025607,0.00102840
0.00069630,-0.00004637,0.00094608
0.00069640,0.00010319,0.00082472
0.00069650,0.00001186,0.00066725
0.00069660,0.00029364,0.00047795
0.00069670,0.00027033,0.00026232
0.00069680,0.00019781,0.00002692
0.00069690,0.00047487,-0.00022076
0.00069700,0.00039550,-0.00047259
0.00069710,0.00047208,-0.00071998
0.00069720,0.00042809,-0.00095416
0.00069730,0.00034599,-0.00116650
0.00069740,0.00050033,-0.00134875
0.00069750,0.00061201,-0.00149342
0.00069760,0.00058047,-0.00159398
0.00069770,0.00043979,-0.00164519
0.00069780,0.00044117,-0.00164331
0.00069790,0.00019883,-0.00158623
0.00069800,0.00001210,-0.00147365
0.00069810,-0.00016107,-0.00130711
0.00069820,-0.00020989,-0.00108998
0.00069830,-0.00028317,-0.00082745
0.00069840,-0.00039374,-0.00052634
0.00069850,-0.00036920,-0.00019497
0.00069860,-0.00048334,0.00015709
0.00069870,-0.00076942,0.00051933
0.00069880,-0.00086962,0.00088057
0.00069890,-0.00076472,0.00122933
0.00069900,-0.00076355,0.00155416
0.00069910,-0.00094093,0.00184403
0.00069920,-0.00088553,0.00208866
0.00069930,-0.00079340,0.00227892
0.00069940,-0.00077507,0.00240709
0.00069950,-0.00077368,0.00246717
0.00069960,-0.00051497,0.00245513
0.00069970,-0.00067082,0.00236905
0.00069980,-0.00056610,0.00220928
0.00069990,-0.00042831,0.00197844
0.00070000,-0.00046557,0.00168140
0.00070010,-0.00036209,0.00132518
0.00070020,-0.00046125,0.00091875
0.00070030,-0.00028288,0.00047280
0.00070040,-0.00002128,-0.00000055
0.00070050,0.00007363,-0.00048810
0.00070060,0.00026683,-0.00097595
0.00070070,0.00035460,-0.00144990
0.00070080,0.00033357,-0.00189585
0.00070090,0.00036292,-0.00230022
0.00070100,0.00060746,-0.00265039
0.00070110,0.00030369,-0.00293503
0.00070120,0.00029936,-0.00314448
0.00070130,0.00035122,-0.00327108
0.00070140,0.00049777,-0.00330942
0.00070150,0.00056358,-0.00325656
0.00070160,0.00035253,-0.00311217
0.00070170,0.00036443,-0.00287861
0.00070180,0.00014268,-0.00256082
0.00070190,0.00007238,-0.00216629
0.00070200,-0.00011078,-0.00170478
0.00070210,-0.00017976,-0.00118808
0.00070220,-0.00021192,-0.00062969
0.00070230,-0.00022172,-0.00004438
0.00070240,-0.00013439,0.00055216
0.00070250,-0.00032462,0.00114378
0.00070260,-0.00038121,0.00171432
0.00070270,-0.00061038,0.00224808
0.00070280,-0.00062225,0.00273019
0.00070290,-0.00065725,0.00314708
0.00070300,-0.00055062,0.00348680
0.00070310,-0.00060285,0.00373939
0.00070320,-0.00058278,0.00389716
0.00070330,-0.00043306,0.00395491
0.00070340,-0.00040880,0.00391009
0.00070350,-0.00030243,0.00376289
0.00070360,-0.00024638,0.00351627
0.00070370,-0.00015155,0.00317588
0.00070380,-0.00017209,0.00274994
0.00070390,-0.00018154,0.00224901
0.00070400,-0.00027636,0.00168571
0.00070410,-0.00025492,0.00107438
0.00070420,-0.00007275,0.00043071
0.00070430,-0.00000791,-0.00022871
0.00070440,-0.00000815,-0.00088681
0.00070450,0.00008536,-0.00152650
0.00070460,0.00012985,-0.00213114
0.00070470,-0.00000145,-0.00268497
0.00070480,0.00015063,-0.00317350
0.00070490,0.00015774,-0.00358393
0.00070500,0.00028769,-0.00390548
0.00070510,0.00000704,-0.00412967
0.00070520,-0.00003231,-0.00425057
0.00070530,0.00005346,-0.00426496
0.00070540,-0.00009620,-0.00417242
0.00070550,-0.00016662,-0.00397532
0.00070560,-0.00037993,-0.00367879
0.00070570,-0.00027866,-0.00329053
0.00070580,-0.00017231,-0.00282063
0.00070590,-0.00024660,-0.00228124
0.00070600,-0.00009275,-0.00168623
0.00070610,-0.00024468,-0.00105086
0.00070620,-0.00048904,-0.00039133
0.00070630,-0.00033537,0.00027565
0.00070640,-0.00044588,0.00093325
0.00070650,-0.00035691,0.00156501
0.00070660,-0.00012705,0.00215522
0.00070670,-0.00003987,0.00268936
0.00070680,0.00001311,0.00315444
0.00070690,-0.00000236,0.00353933
0.00070700,0.00004229,0.00383503
0.00070710,-0.00000238,0.00403489
0.00070720,0.00003335,0.00413475
0.00070730,0.00012931,0.00413302
0.00070740,0.00016764,0.00403072
0.00070750,0.00012763,0.00383139
0.00070760,0.00014795,0.00354102
0.00070770,0.00004655,0.00316783
0.00070780,-0.00011739,0.00272207
0.00070790,-0.00006576,0.00221569
0.00070800,-0.00007273,0.00166204
0.00070810,-0.00013596,0.00107548
0.00070820,-0.00022271,0.00047101
0.00070830,-0.00014606,-0.00013616
0.00070840,-0.00018239,-0.00073101
0.00070850,-0.00010358,-0.00129906
0.00070860,-0.00032911,-0.00182679
0.00070870,-0.00058031,-0.00230194
0.00070880,-0.00058347,-0.00271381
0.00070890,-0.00078629,-0.00305348
0.00070900,-0.00061793,-0.00331404
0.00070910,-0.00066086,-0.00349068
0.00070920,-0.00047016,-0.00358080
0.00070930,-0.00053479,-0.00358402
0.00070940,-0.00064597,-0.00350213
0.00070950,-0.00055270,-0.00333901
0.00070960,-0.00047666,-0.00310047
0.00070970,-0.00029126,-0.00279407
0.00070980,-0.00045100,-0.00242885
0.00070990,-0.00030462,-0.00201509
0.00071000,-0.00040540,-0.00156398
0.00071010,-0.00028149,-0.00108728
0.00071020,-0.00015775,-0.00059703
0.00071030,-0.00026154,-0.00010524
0.00071040,-0.00006691,0.00037645
0.00071050,0.00001977,0.00083699
0.00071060,-0.00001095,0.00126615
0.00071070,0.00013839,0.00165479
0.00071080,0.00010386,0.00199499
0.00071090,0.00002712,0.00228023
0.00071100,0.00010048,0.00250550
0.00071110,0.00008071,0.00266735
0.00071120,0.00009184,0.00276397
0.00071130,-0.00001035,0.00279514
0.00071140,0.00009926,0.00276221
0.00071150,0.00008134,0.00266794
0.00071160,-0.00014343,0.00251644
0.00071170,-0.00014864,0.00231295
0.00071180,-0.00018812,0.00206367
0.00071190,-0.00020103,0.00177560
0.00071200,-0.00036285,0.00145632
0.00071210,-0.00031001,0.00111378
0.00071220,-0.00038726,0.00075618
0.00071230,-0.00053118,0.00039173
0.00071240,-0.00035864,0.00002855
0.00071250,-0.00016317,-0.00032553
0.00071260,-0.00030354,-0.00066310
0.00071270,-0.00027089,-0.00097728
0.00071280,-0.00023661,-0.00126191
0.00071290,-0.00038736,-0.00151159
0.00071300,-0.00025944,-0.00172182
0.00071310,-0.00038486,-0.00188904
0.00071320,-0.00013768,-0.00201072
0.00071330,-0.00030289,-0.00208534
0.00071340,-0.00031562,-0.00211241
0.00071350,-0.00050549,-0.00209244
0.00071360,-0.00055642,-0.00202692
0.00071370,-0.00033340,-0.00191822
0.00071380,-0.00034080,-0.00176957
0.00071390,-0.00023005,-0.00158493
0.00071400,-0.00053546,-0.00136891
0.00071410,-0.00044523,-0.00112670
0.00071420,-0.00049953,-0.00086396
0.00071430,-0.00047335,-0.00058667
0.00071440,-0.00053353,-0.00030110
0.00071450,-0.00043707,-0.00001363
0.00071460,-0.00045840,0.00026930
0.00071470,-0.00037477,0.00054137
0.00071480,-0.00036545,0.00079651
0.00071490,-0.00031423,0.00102899
0.00071500,-0.00034797,0.00123362
0.00071510,-0.00050121,0.00140587
0.00071520,-0.00034251,0.00154195
0.00071530,-0.00035764,0.00163896
0.00071540,-0.00021557,0.00169497
0.00071550,-0.00024330,0.00170904
0.00071560,-0.00032631,0.00168129
0.00071570,-0.00014372,0.00161288
0.00071580,-0.00005522,0.00150600
0.00071590,0.00004133,0.00136378
0.00071600,-0.00004159,0.00119026
0.00071610,-0.00002551,0.00099024
0.00071620,-0.00002995,0.00076919
0.00071630,-0.00007288,0.00053309
0.00071640,0.00013155,0.00028830
0.00071650,0.00033311,0.00004133
0.00071660,0.00049318,-0.00020126
0.00071670,0.00042216,-0.00043315
0.00071680,0.00020517,-0.00064834
0.00071690,0.00014375,-0.00084145
0.00071700,0.00014101,-0.00100776
0.00071710,0.00017354,-0.00114343
0.00071720,0.00015975,-0.00124555
0.00071730,0.00014369,-0.00131222
0.00071740,0.00029039,-0.00134258
0.00071750,0.00015212,-0.00133681
0.00071760,0.00012804,-0.00129609
0.00071770,-0.00017010,-0.00122257
0.00071780,-0.00013608,-0.00111923
0.00071790,-0.00021631,-0.00098983
0.00071800,-0.00029461,-0.00083877
0.00071810,-0.00039724,-0.00067091
0.00071820,-0.00061403,-0.00049149
0.00071830,-0.00049003,-0.00030590
0.00071840,-0.00065593,-0.00011957
0.00071850,-0.00040990,0.00006222
0.00071860,-0.00047086,0.00023449
0.00071870,-0.00074361,0.00039273
0.00071880,-0.00085003,0.00053302
0.00071890,-0.00089168,0.00065213
0.00071900,-0.00077014,0.00074763
0.00071910,-0.00074953,0.00081794
0.00071920,-0.00072847,0.00086230
0.00071930,-0.00077327,0.00088082
0.00071940,-0.00070722,0.00087436
0.00071950,-0.00062851,0.00084452
0.00071960,-0.00037566,0.00079348
0.00071970,-0.00033315,0.00072398
0.00071980,-0.00033919,0.00063913
0.00071990,-0.00007709,0.00054236
0.00072000,-0.00001587,0.00043726
0.00072010,-0.00002531,0.00032752
0.00072020,0.00010721,0.00021678
0.00072030,0.00012669,0.00010855
0.00072040,0.00030794,0.00000610
0.00072050,0.00026346,-0.00008762
0.00072060,0.00022900,-0.00017010
0.00072070,0.00059648,-0.00023928
0.00072080,0.00067968,-0.00029369
0.00072090,0.00066158,-0.00033242
0.00072100,0.00042257,-0.00035518
0.00072110,0.00057165,-0.00036228
0.00072120,0.00052700,-0.00035462
0.00072130,0.00047224,-0.00033362
0.00072140,0.00049434,-0.00030115
0.00072150,0.00021907,-0.00025946
0.00072160,0.00035716,-0.00021108
0.00072170,0.00004694,-0.00015875
0.00072180,-0.00002178,-0.00010529
0.00072190,-0.00010217,-0.00005349
0.00072200,-0.00023335,-0.00000603
0.00072210,-0.00025005,0.00003461
0.00072220,-0.00060790,0.00006629
0.00072230,-0.00058801,0.00008729
0.00072240,-0.00078594,0.00009633
0.00072250,-0.00070976,0.00009269
0.00072260,-0.00086082,0.00007623
0.00072270,-0.00082075,0.00004739
0.00072280,-0.00066109,0.00000717
0.00072290,-0.00076377,-0.00004285
0.00072300,-0.00080699,-0.00010058
0.00072310,-0.00071099,-0.00016351
0.00072320,-0.00070005,-0.00022876
0.00072330,-0.00072897,-0.00029323
0.00072340,-0.00065818,-0.00035367
0.00072350,-0.00060290,-0.00040686
0.00072360,-0.00043507,-0.00044972
0.00072370,-0.00051114,-0.00047944
0.00072380,-0.00035095,-0.00049363
0.00072390,-0.00016533,-0.00049040
0.00072400,0.00006000,-0.00046848
0.00072410,0.00013168,-0.00042727
0.00072420,0.00003969,-0.00036690
0.00072430,0.00015700,-0.00028820
0.00072440,0.00012482,-0.00019274
0.00072450,0.00033181,-0.00008279
0.00072460,0.00055174,0.00003873
0.00072470,0.00055328,0.00016835
0.00072480,0.00052765,0.00030209
0.00072490,0.00047850,0.00043565
0.00072500,0.00066542,0.00056447
0.00072510,0.00045922,0.00068397
0.00072520,0.00036207,0.00078967
0.00072530,0.00038145,0.00087742
0.00072540,0.00031298,0.00094356
0.00072550,0.00011408,0.00098505
0.00072560,0.00002083,0.00099964
0.00072570,-0.00002603,0.00098592
0.00072580,-0.00004138,0.00094339
0.00072590,-0.00014170,0.00087252
0.00072600,-0.00024944,0.00077466
0.00072610,-0.00030919,0.00065210
0.00072620,-0.00040121,0.00050794
0.00072630,-0.00047844,0.00034603
0.00072640,-0.00034174,0.00017080
0.00072650,-0.00032900,-0.00001277
0.00072660,-0.00036644,-0.00019940
0.00072670,-0.00045296,-0.00038363
0.00072680,-0.00065349,-0.00055997
0.00072690,-0.00068241,-0.00072312
0.00072700,-0.00057075,-0.00086812
0.00072710,-0.00049372,-0.00099054
0.00072720,-0.00040325,-0.00108660
0.00072730,-0.00053049,-0.00115337
0.00072740,-0.00051882,-0.00118881
0.00072750,-0.00046803,-0.00119187
0.00072760,-0.00058304,-0.00116250
0.00072770,-0.00050296,-0.00110168
0.00072780,-0.00041174,-0.00101132
0.00072790,-0.00038658,-0.00089423
0.00072800,-0.00010761,-0.00075403
0.00072810,0.00008453,-0.00059499
0.00072820,0.00001163,-0.00042195
0.00072830,-0.00012952,-0.00024011
0.00072840,0.00010962,-0.00005492
0.00072850,0.00009246,0.00012816
0.00072860,0.00010411,0.00030379
0.00072870,0.00020690,0.00046696
0.00072880,0.00016300,0.00061312
0.00072890,0.00036033,0.00073838
0.00072900,0.00019439,0.00083960
0.00072910,0.00025543,0.00091447
0.00072920,0.00015515,0.00096159
0.00072930,0.00014231,0.00098051
0.00072940,0.00025406,0.00097170
0.00072950,-0.00004680,0.00093652
0.00072960,0.00015931,0.00087715
0.00072970,-0.00006255,0.00079649
0.00072980,-0.00023831,0.00069805
0.00072990,-0.00001874,0.00058576
0.00073000,-0.00026486,0.00046391
0.00073010,-0.00021692,0.00033688
0.00073020,-0.00019347,0.00020905
0.00073030,-0.00027315,0.00008462
0.00073040,-0.00049633,-0.00003255
0.00073050,-0.00053610,-0.00013905
0.00073060,-0.00036163,-0.00023202
0.00073070,-0.00054639,-0.00030925
0.00073080,-0.00044024,-0.00036922
0.00073090,-0.00044144,-0.00041116
0.00073100,-0.00046153,-0.00043502
0.00073110,-0.00055127,-0.00044148
0.00073120,-0.00056917,-0.00043192
0.00073130,-0.00046278,-0.00040835
0.00073140,-0.00058167,-0.00037328
0.00073150,-0.00059746,-0.00032963
0.00073160,-0.00067001,-0.00028060
0.00073170,-0.00069679,-0.00022945
0.00073180,-0.00067931,-0.00017940
0.00073190,-0.00062260,-0.00013345
0.00073200,-0.00053829,-0.00009423
0.00073210,-0.00047819,-0.00006395
0.00073220,-0.00029314,-0.00004421
0.00073230,-0.00048246,-0.00003602
0.00073240,-0.00033896,-0.00003971
0.00073250,-0.00022076,-0.00005491
0.00073260,0.00005353,-0.00008061
0.00073270,0.00010326,-0.00011515
0.00073280,0.00014774,-0.00015636
0.00073290,0.00037649,-0.00020158
0.00073300,0.00041602,-0.00024783
0.00073310,0.00041274,-0.00029191
0.00073320,0.00042488,-0.00033058
0.00073330,0.00066047,-0.00036067
0.00073340,0.00057955,-0.00037926
0.00073350,0.00042523,-0.00038381
0.00073360,0.00033708,-0.00037226
0.00073370,0.00013930,-0.00034321
0.00073380,0.00020230,-0.00029592
0.00073390,0.00027565,-0.00023044
0.00073400,0.00027457,-0.00014759
0.00073410,0.00021829,-0.00004900
0.00073420,0.00004634,0.00006294
0.00073430,-0.00007560,0.00018512
0.00073440,-0.00034859,0.00031383
0.00073450,-0.00042224,0.00044486
0.00073460,-0.00047302,0.00057363
0.00073470,-0.00057852,0.00069537
0.00073480,-0.00078553,0.00080532
0.00073490,-0.00071493,0.00089884
0.00073500,-0.00079219,0.00097166
0.00073510,-0.00077211,0.00102004
0.00073520,-0.00065580,0.00104087
0.00073530,-0.00087598,0.00103186
0.00073540,-0.00076438,0.00099163
0.00073550,-0.00062062,0.00091978
0.00073560,-0.00057742,0.00081699
0.00073570,-0.00055737,0.00068499
0.00073580,-0.00035359,0.00052659
0.00073590,-0.00032482,0.00034560
0.00073600,-0.00026444,0.00014672
0.00073610,-0.00021628,-0.00006453
0.00073620,-0.00033536,-0.00028204
0.00073630,-0.00029860,-0.00049928
0.00073640,-0.00023857,-0.00070950
0.00073650,-0.00007164,-0.00090597
0.00073660,0.00029729,-0.00108223
0.00073670,0.00028943,-0.00123229
0.00073680,0.00044252,-0.00135085
0.00073690,0.00037431,-0.00143351
0.00073700,0.00025868,-0.00147690
0.00073710,0.00038526,-0.00147885
0.00073720,0.00030499,-0.00143842
0.00073730,0.00021182,-0.00135599
0.00073740,0.00021611,-0.00123324
0.00073750,0.00027675,-0.00107316
0.00073760,0.00002595,-0.00087993
0.00073770,0.00028373,-0.00065884
0.00073780,0.00007950,-0.00041615
0.00073790,-0.00024156,-0.00015884
0.00073800,-0.00024043,0.00010551
0.00073810,-0.00052277,0.00036904
0.00073820,-0.00040603,0.00062380
0.00073830,-0.00049801,0.00086207
0.00073840,-0.00049059,0.00107657
0.00073850,-0.00054684,0.00126077
0.00073860,-0.00055395,0.00140904
0.00073870,-0.00051578,0.00151688
0.00073880,-0.00058424,0.00158110
0.00073890,-0.00042317,0.00159984
0.00073900,-0.00043180,0.00157269
0.00073910,-0.00049651,0.00150066
0.00073920,-0.00020662,0.00138615
0.00073930,-0.00016537,0.00123284
0.00073940,-0.00015873,0.00104559
0.00073950,-0.00002613,0.00083028
0.00073960,-0.00010860,0.00059364
0.00073970,-0.00012455,0.00034302
0.00073980,-0.00011411,0.00008618
0.00073990,-0.00002811,-0.00016902
0.00074000,0.00003751,-0.00041482
0.00074010,-0.00001058,-0.00064390
0.00074020,0.00013452,-0.00084960
0.00074030,0.00005594,-0.00102613
0.00074040,-0.00008864,-0.00116879
0.00074050,-0.00005544,-0.00127410
0.00074060,-0.00016518,-0.00133991
0.00074070,-0.00010384,-0.00136539
0.00074080,-0.00019994,-0.00135107
0.00074090,-0.00011234,-0.00129877
0.00074100,-0.00025470,-0.00121151
0.00074110,-0.00036754,-0.00109334
0.00074120,-0.00037079,-0.00094920
0.00074130,-0.00033450,-0.00078475
0.00074140,-0.00053022,-0.00060611
0.00074150,-0.00069693,-0.00041968
0.00074160,-0.00061521,-0.00023187
0.00074170,-0.00072303,-0.00004890
0.00074180,-0.00050915,0.00012345
0.00074190,-0.00064530,0.00028007
0.00074200,-0.00047961,0.00041666
0.00074210,-0.00023614,0.00052989
0.00074220,-0.00038988,0.00061754
0.00074230,-0.00019808,0.00067851
0.00074240,-0.00031698,0.00071285
0.00074250,-0.00011115,0.00072174
0.00074260,-0.00021722,0.00070736
0.00074270,-0.00015541,0.00067277
0.00074280,-0.00002081,0.00062175
0.00074290,0.00020240,0.00055857
0.00074300,0.00020057,0.00048777
0.00074310,0.00005147,0.00041397
0.00074320,0.00028751,0.00034159
0.00074330,0.00016249,0.00027472
0.00074340,0.00038867,0.00021693
0.00074350,0.00050079,0.00017107
0.00074360,0.00030437,0.00013922
0.00074370,0.00026389,0.00012256
0.00074380,-0.00000516,0.00012131
0.00074390,0.00001607,0.00013472
0.00074400,0.00017803,0.00016112
0.00074410,0.00001753,0.00019796
0.00074420,-0.00011324,0.00024189
0.00074430,-0.00024311,0.00028899
0.00074440,-0.00025510,0.00033484
0.00074450,-0.00033537,0.00037484
0.00074460,-0.00033019,0.00040434
0.00074470,-0.00045276,0.00041897
0.00074480,-0.00060618,0.00041480
0.00074490,-0.00054594,0.00038866
0.00074500,-0.00058680,0.00033827
0.00074510,-0.00044866,0.00026243
0.00074520,-0.00051021,0.00016110
0.00074530,-0.00047882,0.00003549
0.00074540,-0.00028428,-0.00011195
0.00074550,-0.00040090,-0.00027760
0.00074560,-0.00026458,-0.00045674
0.00074570,-0.00016360,-0.00064370
0.00074580,-0.00006972,-0.00083207
0.00074590,-0.00009804,-0.00101488
0.00074600,0.00009243,-0.00118488
0.00074610,0.00006293,-0.00133479
0.00074620,0.00016855,-0.00145757
0.00074630,0.00028958,-0.00154674
0.00074640,0.00022257,-0.00159665
0.00074650,0.00039810,-0.00160271
0.00074660,0.00016547,-0.00156168
0.00074670,0.00024524,-0.00147179
0.00074680,0.00020100,-0.00133293
0.00074690,0.00010701,-0.00114668
0.00074700,0.00011392,-0.00091632
0.00074710,-0.00010239,-0.00064679
0.00074720,0.00012044,-0.00034454
0.00074730,-0.00011819,-0.00001741
0.00074740,-0.00010618,0.00032566
0.00074750,-0.00017246,0.00067486
0.00074760,-0.00047197,0.00101980
0.00074770,-0.00057531,0.00134988
0.00074780,-0.00056928,0.00165463
0.00074790,-0.00069527,0.00192402
0.00074800,-0.00063623,0.00214888
0.00074810,-0.00053966,0.00232115
0.00074820,-0.00072009,0.00243421
0.00074830,-0.00070582,0.00248313
0.00074840,-0.00082064,0.00246487
0.00074850,-0.00077715,0.00237838
0.00074860,-0.00082937,0.00222472
0.00074870,-0.00069568,0.00200702
0.00074880,-0.00044169,0.00173045
0.00074890,-0.00034210,0.00140205
0.00074900,-0.00033535,0.00103053
0.00074910,-0.00026063,0.00062604
0.00074920,0.00016799,0.00019985
0.00074930,0.00010767,-0.00023603
0.00074940,0.00012553,-0.00066917
0.00074950,0.00019792,-0.00108715
0.00074960,0.00035688,-0.00147795
0.00074970,0.00049303,-0.00183028
0.00074980,0.00066994,-0.00213401
0.00074990,0.00052029,-0.00238040
0.00075000,0.00045256,-0.00256242
0.00075010,0.00052818,-0.00267496
0.00075020,0.00064297,-0.00271495
0.00075030,0.00082695,-0.00268150
0.00075040,0.00064345,-0.00257586
0.00075050,0.00054282,-0.00240144
0.00075060,0.00038112,-0.00216368
0.00075070,0.00025879,-0.00186982
0.00075080,0.00018448,-0.00152876
0.00075090,-0.00001821,-0.00115070
0.00075100,-0.00011651,-0.00074684
0.00075110,-0.00034416,-0.00032903
0.00075120,-0.00052634,0.00009062
0.00075130,-0.00051068,0.00050010
0.00075140,-0.00081845,0.00088787
0.00075150,-0.00087236,0.00124323
0.00075160,-0.00086733,0.00155663
0.00075170,-0.00105843,0.00181996
0.00075180,-0.00083709,0.00202675
0.00075190,-0.00083352,0.00217238
0.00075200,-0.00073942,0.00225420
0.00075210,-0.00077172,0.00227153
0.00075220,-0.00071558,0.00222568
0.00075230,-0.00069030,0.00211988
0.00075240,-0.00074394,0.00195910
0.00075250,-0.00064281,0.00174990
0.00075260,-0.00049559,0.00150014
0.00075270,-0.00029413,0.00121872
0.00075280,-0.00009657,0.00091527
0.00075290,-0.00007373,0.00059982
0.00075300,0.00005753,0.00028245
0.00075310,0.00011453,-0.00002703
0.00075320,0.00017060,-0.00031945
0.00075330,0.00044495,-0.00058652
0.00075340,0.00047352,-0.00082111
0.00075350,0.00056748,-0.00101742
0.00075360,0.00029732,-0.00117118
0.00075370,0.00024868,-0.00127969
0.00075380,0.00056195,-0.00134189
0.00075390,0.00066126,-0.00135830
0.00075400,0.00049999,-0.00133098
0.00075410,0.00039923,-0.00126340
0.00075420,0.00016931,-0.00116026
0.00075430,0.00023066,-0.00102731
0.00075440,0.00002811,-0.00087111
0.00075450,-0.00009409,-0.00069879
0.00075460,-0.00015188,-0.00051776
0.00075470,-0.00022836,-0.00033542
0.00075480,-0.00013299,-0.00015890
0.00075490,-0.00043699,0.00000523
0.00075500,-0.00059165,0.00015119
0.00075510,-0.00061113,0.00027420
0.00075520,-0.00067863,0.00037061
0.00075530,-0.00059377,0.00043803
0.00075540,-0.00063134,0.00047538
0.00075550,-0.00064160,0.00048285
0.00075560,-0.00049107,0.00046187
0.00075570,-0.00054095,0.00041496
0.00075580,-0.00057291,0.00034565
0.00075590,-0.00072790,0.00025826
0.00075600,-0.00051421,0.00015772
0.00075610,-0.00038724,0.00004940
0.00075620,-0.00031967,-0.00006113
0.00075630,-0.00007422,-0.00016827
0.00075640,-0.00020422,-0.00026661
0.00075650,-0.00011692,-0.00035116
0.00075660,0.00005743,-0.00041753
0.00075670,0.00010381,-0.00046213
0.00075680,0.00020124,-0.00048230
0.00075690,0.00033672,-0.00047646
0.00075700,0.00021052,-0.00044414
0.00075710,0.00012313,-0.00038602
0.00075720,0.00033379,-0.00030391
0.00075730,0.00019202,-0.00020064
0.00075740,0.00002848,-0.00007995
0.00075750,0.00000371,0.00005367
0.00075760,0.00005067,0.00019516
0.00075770,-0.00018345,0.00033915
0.00075780,-0.00014662,0.00048013
0.00075790,-0.00000617,0.00061271
0.00075800,-0.00006337,0.00073177
0.00075810,-0.00016693,0.00083269
0.00075820,-0.00044883,0.00091149
0.00075830,-0.00030838,0.00096493
0.00075840,-0.00047522,0.00099067
0.00075850,-0.00064132,0.00098730
0.00075860,-0.00055043,0.00095440
0.00075870,-0.00046073,0.00089261
0.00075880,-0.00036614,0.00080352
0.00075890,-0.00038420,0.00068973
0.00075900,-0.00024648,0.00055466
0.00075910,-0.00031100,0.00040249
0.00075920,-0.00038991,0.00023797
0.00075930,-0.00041772,0.00006622
0.00075940,-0.00029313,-0.00010743
0.00075950,-0.00018944,-0.00027767
0.00075960,-0.00006880,-0.00043941
0.00075970,-0.00010692,-0.00058796
0.00075980,-0.00008507,-0.00071918
0.00075990,0.00011928,-0.00082960
0.00076000,-0.00005805,-0.00091652
0.00076010,-0.00007001,-0.00097805
0.00076020,0.00004641,-0.00101316
0.00076030,0.00012384,-0.00102168
0.00076040,0.00010228,-0.00100427
0.00076050,-0.00002681,-0.00096238
0.00076060,-0.00001076,-0.00089820
0.00076070,-0.00004007,-0.00081454
0.00076080,0.00018985,-0.00071477
0.00076090,0.00013542,-0.00060264
0.00076100,0.00016269,-0.00048216
0.00076110,0.00008660,-0.00035744
0.00076120,-0.00009481,-0.00023251
0.00076130,-0.00010757,-0.00011117
0.00076140,-0.00030639,0.00000316
0.00076150,-0.00020249,0.00010755
0.00076160,-0.00030780,0.00019965
0.00076170,-0.00040236,0.00027772
0.00076180,-0.00051806,0.00034069
0.00076190,-0.00050489,0.00038811
0.00076200,-0.00040989,0.00042016
0.00076210,-0.00027839,0.00043758
0.00076220,-0.00010069,0.00044161
0.00076230,-0.00027193,0.00043393
0.00076240,-0.00021152,0.00041658
0.00076250,-0.00030358,0.00039183
0.00076260,-0.00033059,0.00036211
0.00076270,-0.00020651,0.00032991
0.00076280,-0.00029253,0.00029766
0.00076290,-0.00022815,0.00026762
0.00076300,-0.00032120,0.00024179
0.00076310,-0.00011383,0.00022183
0.00076320,-0.00023393,0.00020894
0.00076330,-0.00030451,0.00020387
0.00076340,-0.00031703,0.00020686
0.00076350,-0.00048367,0.00021763
0.00076360,-0.00024963,0.00023542
0.00076370,-0.00041158,0.00025903
0.00076380,-0.00045007,0.00028685
0.00076390,-0.00049185,0.00031695
0.00076400,-0.00040536,0.00034718
0.00076410,-0.00039108,0.00037520
0.00076420,-0.00056630,0.00039862
0.00076430,-0.00034720,0.00041506
0.00076440,-0.00040368,0.00042224
0.00076450,-0.00035139,0.00041807
0.00076460,-0.00037160,0.00040074
0.00076470,-0.00037434,0.00036881
0.00076480,-0.00031051,0.00032127
0.00076490,-0.00016669,0.00025761
0.00076500,-0.00003671,0.00017789
0.00076510,0.00000657,0.00008278
0.00076520,0.00001552,-0.00002641
0.00076530,-0.00003452,-0.00014773
0.00076540,-0.00002220,-0.00027865
0.00076550,0.00023083,-0.00041608
0.00076560,0.00028130,-0.00055646
0.00076570,0.00028793,-0.00069587
0.00076580,0.00042840,-0.00083013
0.00076590,0.00030413,-0.00095491
0.00076600,0.00047810,-0.00106586
0.00076610,0.00039909,-0.00115876
0.00076620,0.00026090,-0.00122961
0.00076630,0.00029646,-0.00127478
0.00076640,0.00033540,-0.00129115
0.00076650,0.00050294,-0.00127624
0.00076660,0.00044061,-0.00122835
0.00076670,0.00034829,-0.00114661
0.00076680,0.00016026,-0.00103114
0.00076690,-0.00005031,-0.00088305
0.00076700,-0.00018658,-0.00070448
0.00076710,-0.00041418,-0.00049858
0.00076720,-0.00048945,-0.00026951
0.00076730,-0.00027417,-0.00002232
0.00076740,-0.00036012,0.00023711
0.00076750,-0.00063095,0.00050228
0.00076760,-0.00059690,0.00076618
0.00076770,-0.00084999,0.00102155
0.00076780,-0.00079210,0.00126106
0.00076790,-0.00104892,0.00147761
0.00076800,-0.00091124,0.00166447
0.00076810,-0.00080099,0.00181560
0.00076820,-0.00092692,0.00192579
0.00076830,-0.00098560,0.00199083
0.00076840,-0.00101580,0.00200771
0.00076850,-0.00079436,0.00197464
0.00076860,-0.00081449,0.00189118
0.00076870,-0.00058510,0.00175825
0.00076880,-0.00061899,0.00157815
0.00076890,-0.00051577,0.00135447
0.00076900,-0.00036736,0.00109209
0.00076910,-0.00011416,0.00079701
0.00076920,-0.00004245,0.00047624
0.00076930,0.00015140,0.00013765
0.00076940,0.00018529,-0.00021028
0.00076950,0.00018509,-0.00055862
0.00076960,0.00038606,-0.00089828
0.00076970,0.00040043,-0.00122025
0.00076980,0.00055894,-0.00151589
0.00076990,0.00043769,-0.00177714
0.00077000,0.00046365,-0.00199681
0.00077010,0.00056993,-0.00216876
0.00077020,0.00055074,-0.00228810
0.00077030,0.00029873,-0.00235128
0.00077040,0.00038263,-0.00235625
0.00077050,0.00045462,-0.00230244
0.00077060,0.00035384,-0.00219082
0.00077070,0.00027873,-0.00202388
0.00077080,0.00013598,-0.00180555
0.00077090,0.00015644,-0.00154112
0.00077100,0.00002166,-0.00123713
0.00077110,-0.00018535,-0.00090120
0.00077120,-0.00039924,-0.00054186
0.00077130,-0.00038719,-0.00016831
0.00077140,-0.00036802,0.00020981
0.00077150,-0.00046059,0.00058268
0.00077160,-0.00066837,0.00094056
0.00077170,-0.00075871,0.00127409
0.00077180,-0.00100362,0.00157454
0.00077190,-0.00074195,0.00183404
0.00077200,-0.00066025,0.00204585
0.00077210,-0.00088936,0.00220449
0.00077220,-0.00091323,0.00230592
0.00077230,-0.00096569,0.00234767
0.00077240,-0.00082553,0.00232885
0.00077250,-0.00083284,0.00225022
0.00077260,-0.00086546,0.00211416
0.00077270,-0.00093763,0.00192460
0.00077280,-0.00061715,0.00168691
0.00077290,-0.00048309,0.00140774
0.00077300,-0.00049213,0.00109488
0.00077310,-0.00031225,0.00075695
0.00077320,-0.00027171,0.00040324
0.00077330,-0.00016462,0.00004336
0.00077340,-0.00000004,-0.00031297
0.00077350,0.00016271,-0.00065623
0.00077360,0.00025826,-0.00097736
0.00077370,0.00044063,-0.00126803
0.00077380,0.00044355,-0.00152083
0.00077390,0.00046890,-0.00172952
0.00077400,0.00044537,-0.00188916
0.00077410,0.00057710,-0.00199622
0.00077420,0.00059713,-0.00204866
0.00077430,0.00059215,-0.00204594
0.00077440,0.00073718,-0.00198905
0.00077450,0.00057679,-0.00188042
0.00077460,0.00049773,-0.00172385
0.00077470,0.00040848,-0.00152438
0.00077480,0.00030123,-0.00128815
0.00077490,0.00038480,-0.00102221
0.00077500,0.00024331,-0.00073429
0.00077510,-0.00007273,-0.00043264
0.00077520,-0.00022732,-0.00012574
0.00077530,-0.00031871,0.00017792
0.00077540,-0.00040670,0.00047008
0.00077550,-0.00053324,0.00074296
0.00077560,-0.00049902,0.00098946
0.00077570,-0.00049923,0.00120337
0.00077580,-0.00059259,0.00137952
0.00077590,-0.00096861,0.00151391
0.00077600,-0.00102324,0.00160378
0.00077610,-0.00100641,0.00164765
0.00077620,-0.00095082,0.00164533
0.00077630,-0.00083620,0.00159789
0.00077640,-0.00098604,0.00150762
0.00077650,-0.00086308,0.00137793
0.00077660,-0.00089200,0.00121324
0.00077670,-0.00071967,0.00101887
0.00077680,-0.00056014,0.00080088
0.00077690,-0.00052148,0.00056586
0.00077700,-0.00027130,0.00032079
0.00077710,-0.00045623,0.00007284
0.00077720,-0.00032032,-0.00017087
0.00077730,-0.00006554,-0.00040344
0.00077740,-0.00000896,-0.00061837
0.00077750,0.00013753,-0.00080979
0.00077760,0.00018547,-0.00097256
0.00077770,0.00027251,-0.00110247
0.00077780,0.00025220,-0.00119637
0.00077790,0.00049800,-0.00125219
0.00077800,0.00064546,-0.00126907
0.00077810,0.00065385,-0.00124733
0.00077820,0.00070189,-0.00118845
0.00077830,0.00082785,-0.00109503
0.00077840,0.00061181,-0.00097068
0.00077850,0.00040397,-0.00081992
0.00077860,0.00030226,-0.00064802
0.00077870,0.00030338,-0.00046084
0.00077880,0.00024607,-0.00026463
0.00077890,0.00013735,-0.00006586
0.00077900,0.00028953,0.00012906
0.00077910,-0.00004908,0.00031390
0.00077920,-0.00017653,0.00048287
0.00077930,-0.00048152,0.00063080
0.00077940,-0.00052269,0.00075324
0.00077950,-0.00081526,0.00084665
0.00077960,-0.00093524,0.00090847
0.00077970,-0.00068608,0.00093724
0.00077980,-0.00097708,0.00093257
0.00077990,-0.00097132,0.00089520
0.00078000,-0.00097961,0.00082699
0.00078010,-0.00096780,0.00073080
0.00078020,-0.00100670,0.00061042
0.00078030,-0.00084586,0.00047048
0.00078040,-0.00086739,0.00031622
0.00078050,-0.00056427,0.00015335
0.00078060,-0.00055088,-0.00001220
0.00078070,-0.00036504,-0.00017443
0.00078080,-0.00015706,-0.00032757
0.00078090,-0.00025464,-0.00046620
0.00078100,0.00011518,-0.00058550
0.00078110,0.00020024,-0.00068135
0.00078120,0.00039985,-0.00075048
0.00078130,0.00027438,-0.00079057
0.00078140,0.00028295,-0.00080031
0.00078150,0.00026865,-0.00077945
0.00078160,0.00049077,-0.00072878
0.00078170,0.00044178,-0.00065012
0.00078180,0.00033892,-0.00054627
0.00078190,0.00037987,-0.00042086
0.00078200,0.00032409,-0.00027826
0.00078210,0.00036845,-0.00012341
0.00078220,0.00013100,0.00003833
0.00078230,0.00010491,0.00020141
0.00078240,-0.00000129,0.00036024
0.00078250,-0.00007317,0.00050939
0.00078260,-0.00022483,0.00064374
0.00078270,-0.00036126,0.00075869
0.00078280,-0.00060218,0.00085024
0.00078290,-0.00061016,0.00091515
0.00078300,-0.00053791,0.00095106
0.00078310,-0.00059997,0.00095646
0.00078320,-0.00061319,0.00093084
0.00078330,-0.00060429,0.00087464
0.00078340,-0.00040429,0.00078922
0.00078350,-0.00061465,0.00067686
0.00078360,-0.00060918,0.00054065
0.00078370,-0.00052017,0.00038438
0.00078380,-0.00056644,0.00021247
0.00078390,-0.00053975,0.00002975
0.00078400,-0.00043122,-0.00015862
0.00078410,-0.00035401,-0.00034733
0.00078420,-0.00053962,-0.00053109
0.00078430,-0.00031072,-0.00070472
0.00078440,0.00004749,-0.00086330
0.00078450,0.00015351,-0.00100230
0.00078460,0.00014489,-0.00111761
0.00078470,0.00022190,-0.00120570
0.00078480,0.00032286,-0.00126369
0.00078490,0.00030782,-0.00128938
0.00078500,0.00045183,-0.00128139
0.00078510,0.00045109,-0.00123917
0.00078520,0.00041867,-0.00116308
0.00078530,0.00038165,-0.00105434
0.00078540,0.00045856,-0.00091509
0.00078550,0.00047644,-0.00074832
0.00078560,0.00035927,-0.00055780
0.00078570,0.00022182,-0.00034800
0.00078580,0.00028796,-0.00012396
0.00078590,0.00016983,0.00010879
0.00078600,-0.00018740,0.00034445
0.00078610,-0.00043298,0.00057702
0.00078620,-0.00037303,0.00080049
0.00078630,-0.00024838,0.00100896
0.00078640,-0.00064545,0.00119681
0.00078650,-0.00068796,0.00135882
0.00078660,-0.00065667,0.00149030
0.00078670,-0.00087726,0.00158727
0.00078680,-0.00075401,0.00164650
0.00078690,-0.00061451,0.00166569
0.00078700,-0.00074145,0.00164352
0.00078710,-0.00057972,0.00157973
0.00078720,-0.00076105,0.00147519
0.00078730,-0.00066443,0.00133185
0.00078740,-0.00040690,0.00115277
0.00078750,-0.00039996,0.00094202
0.00078760,-0.00025626,0.00070459
0.00078770,-0.00020732,0.00044627
0.00078780,-0.00013027,0.00017348
0.00078790,-0.00005990,-0.00010689
0.00078800,0.00029215,-0.00038769
0.00078810,0.00030792,-0.00066170
0.00078820,0.00017583,-0.00092181
0.00078830,0.00042922,-0.00116124
0.00078840,0.00057589,-0.00137370
0.00078850,0.00086683,-0.00155359
0.00078860,0.00065031,-0.00169611
0.00078870,0.00073541,-0.00179742
0.00078880,0.00070581,-0.00185476
0.00078890,0.00055224,-0.00186652
0.00078900,0.00047213,-0.00183227
0.00078910,0.00036964,-0.00175281
0.00078920,0.00031308,-0.00163017
0.00078930,0.00013871,-0.00146749
0.00078940,0.00019065,-0.00126900
0.00078950,0.00007530,-0.00103985
0.00078960,-0.00002630,-0.00078600
0.00078970,-0.00035561,-0.00051402
0.00078980,-0.00057586,-0.00023091
0.00078990,-0.00081082,0.00005609
0.00079000,-0.00107256,0.00033973
0.00079010,-0.00111415,0.00061288
0.00079020,-0.00118288,0.00086879
0.00079030,-0.00117108,0.00110117
0.00079040,-0.00131163,0.00130439
0.00079050,-0.00107966,0.00147360
0.00079060,-0.00120363,0.00160483
0.00079070,-0.00118154,0.00169512
0.00079080,-0.00108633,0.00174259
0.00079090,-0.00113861,0.00174648
0.00079100,-0.00088419,0.00170721
0.00079110,-0.00090913,0.00162630
0.00079120,-0.00064453,0.00150642
0.00079130,-0.00039864,0.00135121
0.00079140,-0.00034321,0.00116523
0.00079150,-0.00010831,0.00095380
0.00079160,-0.00007434,0.00072287
0.00079170,0.00026930,0.00047881
0.00079180,0.00053418,0.00022826
0.00079190,0.00066329,-0.00002209
0.00079200,0.00068988,-0.00026564
0.00079210,0.00078667,-0.00049614
0.00079220,0.00076616,-0.00070778
0.00079230,0.00071196,-0.00089540
0.00079240,0.00066939,-0.00105460
0.00079250,0.00066290,-0.00118185
0.00079260,0.00068643,-0.00127457
0.00079270,0.00082943,-0.00133118
0.00079280,0.00058106,-0.00135116
0.00079290,0.00037404,-0.00133500
0.00079300,0.00030612,-0.00128425
0.00079310,0.00011890,-0.00120138
0.00079320,-0.00010968,-0.00108975
0.00079330,-0.00024968,-0.00095347
0.00079340,-0.00042006,-0.00079727
0.00079350,-0.00045564,-0.00062635
0.00079360,-0.00060817,-0.00044621
0.00079370,-0.00071743,-0.00026247
0.00079380,-0.00069107,-0.00008072
0.00079390,-0.00073561,0.00009371
0.00079400,-0.00082240,0.00025585
0.00079410,-0.00088048,0.00040131
0.00079420,-0.00085139,0.00052636
0.00079430,-0.00083729,0.00062810
0.00079440,-0.00088204,0.00070444
0.00079450,-0.00081578,0.00075425
0.00079460,-0.00073026,0.00077726
0.00079470,-0.00042740,0.00077412
0.00079480,-0.00036755,0.00074631
0.00079490,-0.00051898,0.00069607
0.00079500,-0.00045829,0.00062631
0.00079510,-0.00042728,0.00054048
0.00079520,-0.00023194,0.00044250
0.00079530,0.00006820,0.00033657
0.00079540,0.00013250,0.00022706
0.00079550,0.00018853,0.00011834
0.00079560,0.00033167,0.00001464
0.00079570,0.00026759,-0.00008014
0.00079580,0.00013024,-0.00016255
0.00079590,0.00023159,-0.00022973
0.00079600,0.00024333,-0.00027949
0.00079610,0.00035681,-0.00031044
0.00079620,0.00038601,-0.00032197
0.00079630,0.00031382,-0.00031430
0.00079640,0.00039621,-0.00028843
0.00079650,0.00048512,-0.00024612
0.00079660,0.00037892,-0.00018977
0.00079670,-0.00006161,-0.00012234
0.00079680,0.00006468,-0.00004722
0.00079690,-0.00011912,0.00003190
0.00079700,-0.00014495,0.00011117
0.00079710,-0.00003347,0.00018669
0.00079720,-0.00023756,0.00025471
0.00079730,-0.00011359,0.00031174
0.00079740,-0.00041593,0.00035469
0.00079750,-0.00049035,0.00038102
0.00079760,-0.00031732,0.00038885
0.00079770,-0.00029917,0.00037703
0.00079780,-0.00027780,0.00034526
0.00079790,-0.00033681,0.00029408
0.00079800,-0.00046416,0.00022488
0.00079810,-0.00036068,0.00013985
0.00079820,-0.00035497,0.00004193
0.00079830,-0.00033374,-0.00006535
0.00079840,-0.00018554,-0.00017793
0.00079850,-0.00031809,-0.00029148
0.00079860,-0.00031886,-0.00040146
0.00079870,-0.00035081,-0.00050337
0.00079880,-0.00041831,-0.00059284
0.00079890,-0.00039570,-0.00066588
0.00079900,-0.00044173,-0.00071895
0.00079910,-0.00057086,-0.00074917
0.00079920,-0.00034088,-0.00075445
0.00079930,-0.00040436,-0.00073356
0.00079940,-0.00034499,-0.00068628
0.00079950,-0.00036810,-0.00061337
0.00079960,-0.00044648,-0.00051665
0.00079970,-0.00033004,-0.00039884
0.00079980,-0.00029752,-0.00026355
0.00079990,-0.00021337,-0.00011512
0.00080000,-0.00017337,0.00004156
0.00080010,-0.00009205,0.00020122
0.00080020,-0.00003489,0.00035843
0.00080030,0.00001037,0.00050777
0.00080040,0.00007164,0.00064406
0.00080050,-0.00005193,0.00076248
0.00080060,-0.00000359,0.00085877
0.00080070,0.00003239,0.00092936
0.00080080,0.00000897,0.00097147
0.00080090,0.00016388,0.00098323
0.00080100,0.00027148,0.00096370
0.00080110,0.00034882,0.00091298
0.00080120,0.00038740,0.00083217
0.00080130,0.00028945,0.00072338
0.00080140,0.00032219,0.00058968
0.00080150,0.00024178,0.00043503
0.00080160,0.00019972,0.00026418
0.00080170,0.00038180,0.00008249
0.00080180,0.00008914,-0.00010421
0.00080190,0.00007669,-0.00028982
0.00080200,0.00000717,-0.00046819
0.00080210,-0.00000921,-0.00063333
0.00080220,-0.00005265,-0.00077960
0.00080230,-0.00032108,-0.00090193
0.00080240,-0.00042405,-0.00099600
0.00080250,-0.00023882,-0.00105838
0.00080260,-0.00040462,-0.00108664
0.00080270,-0.00060964,-0.00107949
0.00080280,-0.00073225,-0.00103677
0.00080290,-0.00084949,-0.00095949
0.00080300,-0.00066630,-0.00084984
0.00080310,-0.00081591,-0.00071107
0.00080320,-0.00084082,-0.00054742
0.00080330,-0.00093862,-0.00036398
0.00080340,-0.00087245,-0.00016654
0.00080350,-0.00075244,0.00003856
0.00080360,-0.00081740,0.00024471
0.00080370,-0.00047391,0.00044513
0.00080380,-0.00061521,0.00063321
0.00080390,-0.00051013,0.00080265
0.00080400,-0.00045032,0.00094772
0.00080410,-0.00041090,0.00106346
0.00080420,-0.00031780,0.00114584
0.00080430,-0.00033617,0.00119193
0.00080440,-0.00012401,0.00119995
0.00080450,0.00009750,0.00116940
0.00080460,0.00020744,0.00110099
0.00080470,0.00035298,0.00099666
0.00080480,0.00024862,0.00085951
0.00080490,0.00046696,0.00069368
0.00080500,0.00058655,0.00050422
0.00080510,0.00067786,0.00029696
0.00080520,0.00080010,0.00007830
0.00080530,0.00056619,-0.00014496
0.00080540,0.00058351,-0.00036583
0.00080550,0.00035757,-0.00057739
0.00080560,0.00030036,-0.00077297
0.00080570,0.00017682,-0.00094642
0.00080580,0.00017791,-0.00109229
0.00080590,0.00009363,-0.00120600
0.00080600,0.00012488,-0.00128401
0.00080610,0.00018244,-0.00132389
0.00080620,-0.00002659,-0.00132436
0.00080630,-0.00029139,-0.00128539
0.00080640,-0.00059991,-0.00120806
0.00080650,-0.00048951,-0.00109463
0.00080660,-0.00067659,-0.00094837
0.00080670,-0.00053391,-0.00077351
0.00080680,-0.00072592,-0.00057511
0.00080690,-0.00089081,-0.00035893
0.00080700,-0.00075619,-0.00013124
0.00080710,-0.00098427,0.00010131
0.00080720,-0.00086207,0.00033192
0.00080730,-0.00052430,0.00055381
0.00080740,-0.00059488,0.00076043
0.00080750,-0.00065529,0.00094567
0.00080760,-0.00065780,0.00110404
0.00080770,-0.00058600,0.00123085
0.00080780,-0.00071901,0.00132230
0.00080790,-0.00058288,0.00137565
0.00080800,-0.00044079,0.00138927
0.00080810,-0.00046580,0.00136268
0.00080820,-0.00027905,0.00129659
0.00080830,-0.00012151,0.00119287
0.00080840,-0.00011635,0.00105449
0.00080850,-0.00002243,0.00088547
0.00080860,-0.00000151,0.00069074
0.00080870,-0.00008135,0.00047598
0.00080880,0.00018286,0.00024753
0.00080890,0.00020605,0.00001214
0.00080900,0.00016256,-0.00022321
0.00080910,0.00021876,-0.00045149
0.00080920,0.00031497,-0.00066585
0.00080930,0.00024729,-0.00085984
0.00080940,0.00045204,-0.00102756
0.00080950,0.00058327,-0.00116389
0.00080960,0.00038111,-0.00126462
0.00080970,0.00029370,-0.00132660
0.00080980,0.00021184,-0.00134786
0.00080990,0.00018499,-0.00132765
0.00081000,0.00018118,-0.00126651
0.00081010,0.00013993,-0.00116625
0.00081020,-0.00021252,-0.00102991
0.00081030,-0.00019104,-0.00086166
0.00081040,0.00002126,-0.00066671
0.00081050,-0.00020522,-0.00045112
0.00081060,-0.00010356,-0.00022164
0.00081070,-0.00029582,0.00001450
0.00081080,-0.00035046,0.00024985
0.00081090,-0.00034053,0.00047693
0.00081100,-0.00064943,0.00068846
0.00081110,-0.00055559,0.00087762
0.00081120,-0.00049741,0.00103823
0.00081130,-0.00048430,0.00116495
0.00081140,-0.00050787,0.00125342
0.00081150,-0.00050229,0.00130044
0.00081160,-0.00067529,0.00130406
0.00081170,-0.00069493,0.00126370
0.00081180,-0.00075187,0.00118019
0.00081190,-0.00075727,0.00105577
0.00081200,-0.00073517,0.00089404
0.00081210,-0.00083336,0.00069990
0.00081220,-0.00093870,0.00047936
0.00081230,-0.00086406,0.00023938
0.00081240,-0.00091861,-0.00001236
0.00081250,-0.00063909,-0.00026773
0.00081260,-0.00053544,-0.00051835
0.00081270,-0.00047298,-0.00075592
0.00081280,-0.00033202,-0.00097243
0.00081290,-0.00041046,-0.00116041
0.00081300,-0.00049638,-0.00131319
0.00081310,-0.00048924,-0.00142511
0.00081320,-0.00021243,-0.00149169
0.00081330,0.00017308,-0.00150983
0.00081340,0.00033896,-0.00147793
0.00081350,0.00028124,-0.00139596
0.00081360,0.00040881,-0.00126555
0.00081370,0.00047388,-0.00108990
0.00081380,0.00059200,-0.00087374
0.00081390,0.00075905,-0.00062319
0.00081400,0.00083015,-0.00034554
0.00081410,0.00067204,-0.00004904
0.00081420,0.00072883,0.00025737
0.00081430,0.00080238,0.00056433
0.00081440,0.00049298,0.00086239
0.00081450,0.00046148,0.00114220
0.00081460,0.00040765,0.00139488
0.00081470,0.00041783,0.00161222
0.00081480,0.00026881,0.00178692
0.00081490,0.00012140,0.00191284
0.00081500,0.00000675,0.00198516
0.00081510,-0.00000844,0.00200053
0.00081520,-0.00008945,0.00195721
0.00081530,-0.00024443,0.00185512
0.00081540,-0.00042981,0.00169594
0.00081550,-0.00060201,0.00148300
0.00081560,-0.00088760,0.00122132
0.00081570,-0.00112442,0.00091743
0.00081580,-0.00113432,0.00057919
0.00081590,-0.00126962,0.00021564
0.00081600,-0.00113946,-0.00016335
0.00081610,-0.00114935,-0.00054729
0.00081620,-0.00120741,-0.00092540
0.00081630,-0.00124154,-0.00128692
0.00081640,-0.00132395,-0.00162139
0.00081650,-0.00109480,-0.00191898
0.00081660,-0.00102592,-0.00217070
0.00081670,-0.00087550,-0.00236873
0.00081680,-0.00074278,-0.00250659
0.00081690,-0.00059286,-0.00257931
0.00081700,-0.00063900,-0.00258363
0.00081710,-0.00044966,-0.00251808
0.00081720,-0.00043143,-0.00238308
0.00081730,-0.00019027,-0.00218095
0.00081740,0.00004604,-0.00191589
0.00081750,0.00012276,-0.00159397
0.00081760,0.00026117,-0.00122291
0.00081770,0.00058984,-0.00081199
0.00081780,0.00080388,-0.00037177
0.00081790,0.00065033,0.00008614
0.00081800,0.00070643,0.00054945
0.00081810,0.00080500,0.00100548
0.00081820,0.00071120,0.00144155
0.00081830,0.00056722,0.00184537
0.00081840,0.00078478,0.00220535
0.00081850,0.00062485,0.00251102
0.00081860,0.00060767,0.00275330
0.00081870,0.00042531,0.00292479
0.00081880,0.00020011,0.00302000
0.00081890,0.00021221,0.00303554
0.00081900,-0.00000298,0.00297022
0.00081910,-0.00018852,0.00282508
0.00081920,-0.00042569,0.00260342
0.00081930,-0.00051017,0.00231073
0.00081940,-0.00066950,0.00195452
0.00081950,-0.00082400,0.00154418
0.00081960,-0.00096549,0.00109069
0.00081970,-0.00088611,0.00060632
0.00081980,-0.00096569,0.00010430
0.00081990,-0.00094363,-0.00040165
0.00082000,-0.00094117,-0.00089765
0.00082010,-0.00106106,-0.00137011
0.00082020,-0.00089645,-0.00180616
0.00082030,-0.00082600,-0.00219396
0.00082040,-0.00080329,-0.00252308
0.00082050,-0.00076868,-0.00278474
0.00082060,-0.00073339,-0.00297207
0.00082070,-0.00045309,-0.00308024
0.00082080,-0.00028793,-0.00310664
0.00082090,-0.00015315,-0.00305086
0.00082100,-0.00003000,-0.00291478
0.00082110,0.00011210,-0.00270246
0.00082120,-0.00005546,-0.00242004
0.00082130,-0.00003532,-0.00207557
0.00082140,0.00011766,-0.00167879
0.00082150,0.00010934,-0.00124079
0.00082160,0.00004387,-0.00077375
0.00082170,0.00029501,-0.00029054
0.00082180,0.00052549,0.00019562
0.00082190,0.00022992,0.00067156
0.00082200,0.00006036,0.00112452
0.00082210,0.00016776,0.00154248
0.00082220,0.00029831,0.00191450
0.00082230,0.00012134,0.00223102
0.00082240,0.00014728,0.00248407
0.00082250,0.00022089,0.00266751
0.00082260,0.00001002,0.00277715
0.00082270,-0.00005825,0.00281084
0.00082280,-0.00006466,0.00276850
0.00082290,-0.00013848,0.00265217
0.00082300,-0.00030006,0.00246588
0.00082310,-0.00029935,0.00221556
0.00082320,-0.00018657,0.00190890
0.00082330,-0.00042034,0.00155508
0.00082340,-0.00056289,0.00116451
0.00082350,-0.00038701,0.00074857
0.00082360,-0.00052772,0.00031920
0.00082370,-0.00050884,-0.00011138
0.00082380,-0.00036114,-0.00053105
0.00082390,-0.00043016,-0.00092816
0.00082400,-0.00045731,-0.00129185
0.00082410,-0.00051331,-0.00161230
0.00082420,-0.00037959,-0.00188109
0.00082430,-0.00021966,-0.00209136
0.00082440,-0.00023502,-0.00223798
0.00082450,-0.00034449,-0.00231774
0.00082460,-0.00039332,-0.00232938
0.00082470,-0.00026474,-0.00227362
0.00082480,-0.00026383,-0.00215315
0.00082490,-0.00042047,-0.00197250
0.00082500,-0.00040809,-0.00173793
0.00082510,-0.00024707,-0.00145723
0.00082520,-0.00053553,-0.00113941
0.00082530,-0.00040576,-0.00079451
0.00082540,-0.00051094,-0.00043323
0.00082550,-0.00068921,-0.00006662
0.00082560,-0.00056750,0.00029424
0.00082570,-0.00051657,0.00063858
0.00082580,-0.00040198,0.00095625
0.00082590,-0.00040866,0.00123805
0.00082600,-0.00044078,0.00147596
0.00082610,-0.00046328,0.00166340
0.00082620,-0.00056641,0.00179544
0.00082630,-0.00043114,0.00186887
0.00082640,-0.00033890,0.00188233
0.00082650,-0.00040593,0.00183635
0.00082660,-0.00009399,0.00173321
0.00082670,-0.00002055,0.00157697
0.00082680,0.00007305,0.00137324
0.00082690,0.00026187,0.00112903
0.00082700,0.00024225,0.00085254
0.00082710,0.00024856,0.00055286
0.00082720,0.00033678,0.00023976
0.00082730,0.00052275,-0.00007669
0.00082740,0.00054860,-0.00038639
0.00082750,0.00033570,-0.00067951
0.00082760,0.00048565,-0.00094681
0.00082770,0.00042354,-0.00117995
0.00082780,0.00049235,-0.00137170
0.00082790,0.00053472,-0.00151622
0.00082800,0.00025943,-0.00160919
0.00082810,0.00020864,-0.00164795
0.00082820,0.00000563,-0.00163158
0.00082830,0.00000456,-0.00156094
0.00082840,-0.00012803,-0.00143860
0.00082850,-0.00029070,-0.00126876
0.00082860,-0.00049126,-0.00105713
0.00082870,-0.00062733,-0.00081075
0.00082880,-0.00055417,-0.00053775
0.00082890,-0.00064521,-0.00024710
0.00082900,-0.00095536,0.00005163
0.00082910,-0.00106884,0.00034863
0.00082920,-0.00119033,0.00063410
0.00082930,-0.00132932,0.00089863
0.00082940,-0.00112845,0.00113341
0.00082950,-0.00126605,0.00133062
0.00082960,-0.00115776,0.00148363
0.00082970,-0.00115323,0.00158725
0.00082980,-0.00099313,0.00163791
0.00082990,-0.00086495,0.00163379
0.00083000,-0.00073037,0.00157487
0.00083010,-0.00043998,0.00146299
0.00083020,-0.00034472,0.00130169
0.00083030,-0.00009922,0.00109618
0.00083040,0.00004899,0.00085310
0.00083050,0.00000861,0.00058032
0.00083060,0.00031149,0.00028668
0.00083070,0.00048165,-0.00001825
0.00083080,0.00056635,-0.00032453
0.00083090,0.00067455,-0.00062211
0.00083100,0.00072442,-0.00090120
0.00083110,0.00091856,-0.00115253
0.00083120,0.00088488,-0.00136769
0.00083130,0.00092357,-0.00153945
0.00083140,0.00074785,-0.00166196
0.00083150,0.00073220,-0.00173100
0.00083160,0.00081152,-0.00174411
0.00083170,0.00055290,-0.00170066
0.00083180,0.00052671,-0.00160188
0.00083190,0.00043228,-0.00145085
0.00083200,0.00030238,-0.00125234
0.00083210,0.00005919,-0.00101264
0.00083220,-0.00030073,-0.00073942
0.00083230,-0.00040919,-0.00044137
0.00083240,-0.00065252,-0.00012799
0.00083250,-0.00079778,0.00019077
0.00083260,-0.00082808,0.00050482
0.00083270,-0.00100042,0.00080424
0.00083280,-0.00120869,0.00107959
0.00083290,-0.00100808,0.00132224
0.00083300,-0.00136192,0.00152457
0.00083310,-0.00108696,0.00168030
0.00083320,-0.00106152,0.00178458
0.00083330,-0.00121125,0.00183421
0.00083340,-0.00112724,0.00182773
0.00083350,-0.00115206,0.00176542
0.00083360,-0.00092182,0.00164933
0.00083370,-0.00094899,0.00148319
0.00083380,-0.00057756,0.00127228
0.00083390,-0.00065354,0.00102326
0.00083400,-0.00033305,0.00074393
0.00083410,-0.00009979,0.00044299
0.00083420,0.00022053,0.00012973
0.00083430,0.00033268,-0.00018627
0.00083440,0.00027032,-0.00049543
0.00083450,0.00042187,-0.00078853
0.00083460,0.00037871,-0.00105692
0.00083470,0.00045001,-0.00129281
0.00083480,0.00050501,-0.00148952
0.00083490,0.00046601,-0.00164163
0.00083500,0.00044485,-0.00174511
0.00083510,0.00057016,-0.00179750
0.00083520,0.00037646,-0.00179787
0.00083530,0.00028764,-0.00174688
0.00083540,0.00027275,-0.00164671
0.00083550,0.00001189,-0.00150098
0.00083560,0.00026397,-0.00131458
0.00083570,0.00012579,-0.00109350
0.00083580,0.00001880,-0.00084463
0.00083590,-0.00008283,-0.00057555
0.00083600,-0.00011491,-0.00029427
0.00083610,-0.00033090,-0.00000899
0.00083620,-0.00041482,0.00027212
0.00083630,-0.00038229,0.00054117
0.00083640,-0.00045309,0.00079074
0.00083650,-0.00057333,0.00101411
0.00083660,-0.00057833,0.00120542
0.00083670,-0.00060399,0.00135981
0.00083680,-0.00058220,0.00147358
0.00083690,-0.00034385,0.00154427
0.00083700,-0.00055930,0.00157070
0.00083710,-0.00073994,0.00155300
0.00083720,-0.00076008,0.00149260
0.00083730,-0.00080475,0.00139213
0.00083740,-0.00072180,0.00125535
0.00083750,-0.00056906,0.00108697
0.00083760,-0.00042792,0.00089256
0.00083770,-0.00040747,0.00067826
0.00083780,-0.00040297,0.00045069
0.00083790,-0.00032222,0.00021665
0.00083800,-0.00035546,-0.00001702
0.00083810,-0.00025760,-0.00024365
0.00083820,-0.00021384,-0.00045693
0.00083830,-0.00040253,-0.00065109
0.00083840,-0.00015588,-0.00082101
0.00083850,-0.00005537,-0.00096241
0.00083860,-0.00013667,-0.00107191
0.00083870,-0.00018569,-0.00114713
0.00083880,-0.00025046,-0.00118678
0.00083890,-0.00020563,-0.00119063
0.00083900,-0.00022758,-0.00115952
0.00083910,-0.00006779,-0.00109533
0.00083920,-0.00017129,-0.00100093
0.00083930,-0.00033901,-0.00087999
0.00083940,-0.00031353,-0.00073696
0.00083950,-0.00027998,-0.00057683
0.00083960,-0.00015795,-0.00040501
0.00083970,-0.00012500,-0.00022714
0.00083980,-0.00020789,-0.00004890
0.00083990,0.00012974,0.00012415
0.00084000,-0.00004995,0.00028673
0.00084010,0.00002088,0.00043403
0.00084020,0.00011893,0.00056183
0.00084030,0.00004010,0.00066663
0.00084040,0.00010441,0.00074575
0.00084050,-0.00006558,0.00079739
0.00084060,0.00018854,0.00082069
0.00084070,0.00012635,0.00081575
0.00084080,0.00011445,0.00078357
0.00084090,0.00020609,0.00072604
0.00084100,-0.00006538,0.00064581
0.00084110,-0.00014571,0.00054623
0.00084120,-0.00032810,0.00043117
0.00084130,-0.00022384,0.00030493
0.00084140,-0.00012601,0.00017207
0.00084150,-0.00029058,0.00003724
0.00084160,-0.00031380,-0.00009495
0.00084170,-0.00038872,-0.00022010
0.00084180,-0.00058917,-0.00033413
0.00084190,-0.00064999,-0.00043342
0.00084200,-0.00060746,-0.00051492
0.00084210,-0.00056316,-0.00057620
0.00084220,-0.00057023,-0.00061554
0.00084230,-0.00063722,-0.00063201
0.00084240,-0.00072116,-0.00062542
0.00084250,-0.00075387,-0.00059635
0.00084260,-0.00071188,-0.00054611
0.00084270,-0.00036079,-0.00047667
0.00084280,-0.00041813,-0.00039058
0.00084290,-0.00050658,-0.00029089
0.00084300,-0.00032901,-0.00018103
0.00084310,-0.00035809,-0.00006469
0.00084320,-0.00040315,0.00005423
0.00084330,-0.00040265,0.00017180
0.00084340,-0.00042572,0.00028414
0.00084350,-0.00039982,0.00038755
0.00084360,-0.00020839,0.00047861
0.00084370,-0.00010644,0.00055433
0.00084380,-0.00007890,0.00061218
0.00084390,0.00001286,0.00065027
0.00084400,0.00006068,0.00066732
0.00084410,0.00007281,0.00066276
0.00084420,0.00011889,0.00063674
0.00084430,0.00006859,0.00059008
0.00084440,0.00013099,0.00052425
0.00084450,0.00021261,0.00044131
0.00084460,0.00019026,0.00034381
0.00084470,0.00014941,0.00023471
0.00084480,0.00017818,0.00011728
0.00084490,0.00017644,-0.00000500
0.00084500,-0.00000641,-0.00012853
0.00084510,0.00007444,-0.00024971
0.00084520,-0.00008335,-0.00036497
0.00084530,0.00003094,-0.00047096
0.00084540,-0.00003158,-0.00056457
0.00084550,-0.00016454,-0.00064303
0.00084560,-0.00013838,-0.00070405
0.00084570,-0.00032043,-0.00074582
0.00084580,-0.00036932,-0.00076712
0.00084590,-0.00034358,-0.00076730
0.00084600,-0.00018550,-0.00074634
0.00084610,-0.00025819,-0.00070478
0.00084620,-0.00011148,-0.00064375
0.00084630,-0.00004863,-0.00056490
0.00084640,-0.00009281,-0.00047037
0.00084650,-0.00025650,-0.00036271
0.00084660,-0.00032212,-0.00024482
0.00084670,-0.00004954,-0.00011985
0.00084680,-0.00006761,0.00000888
0.00084690,-0.00006922,0.00013797
0.00084700,-0.00028289,0.00026406
0.00084710,-0.00029016,0.00038388
0.00084720,-0.00025192,0.00049436
0.00084730,-0.00038241,0.00059267
0.00084740,-0.00040719,0.00067628
0.00084750,-0.00050441,0.00074305
0.00084760,-0.00024984,0.00079122
0.00084770,-0.00043924,0.00081950
0.00084780,-0.00060142,0.00082709
0.00084790,-0.00064387,0.00081371
0.00084800,-0.00077132,0.00077961
0.00084810,-0.00075685,0.00072558
0.00084820,-0.00080386,0.00065293
0.00084830,-0.00064456,0.00056347
0.00084840,-0.00061399,0.00045944
0.00084850,-0.00054586,0.00034349
0.00084860,-0.00046365,0.00021855
0.00084870,-0.00046352,0.00008780
0.00084880,-0.00041669,-0.00004540
0.00084890,-0.00036906,-0.00017766
0.00084900,-0.00032500,-0.00030554
0.00084910,-0.00027184,-0.00042571
0.00084920,-0.00019406,-0.00053500
0.00084930,-0.00005858,-0.00063049
0.00084940,0.00010867,-0.00070960
0.00084950,0.00024826,-0.00077016
0.00084960,0.00038123,-0.00081051
0.00084970,0.00056853,-0.00082953
0.00084980,0.00050957,-0.00082669
0.00084990,0.00055806,-0.00080207
0.00085000,0.00058249,-0.00075634
0.00085010,0.00052139,-0.00069076
0.00085020,0.00040675,-0.00060712
0.00085030,0.00047996,-0.00050771
0.00085040,0.00050403,-0.00039522
0.00085050,0.00037292,-0.00027273
0.00085060,0.00024469,-0.00014355
0.00085070,0.00019782,-0.00001119
0.00085080,0.00008526,0.00012075
0.00085090,-0.00006219,0.00024869
0.00085100,-0.00023655,0.00036915
0.00085110,-0.00060855,0.00047887
0.00085120,-0.00082420,0.00057488
0.00085130,-0.00096934,0.00065460
0.00085140,-0.00115509,0.00071593
0.00085150,-0.00130636,0.00075729
0.00085160,-0.00119650,0.00077764
0.00085170,-0.00127135,0.00077657
0.00085180,-0.00139998,0.00075425
0.00085190,-0.00129307,0.00071145
0.00085200,-0.00133189,0.00064951
0.00085210,-0.00135455,0.00057028
0.00085220,-0.00123915,0.00047607
0.00085230,-0.00127531,0.00036960
0.00085240,-0.00115430,0.00025386
0.00085250,-0.00077305,0.00013208
0.00085260,-0.00068058,0.00000760
0.00085270,-0.00048552,-0.00011620
0.00085280,-0.00030462,-0.00023602
0.00085290,0.00015539,-0.00034872
0.00085300,0.00035263,-0.00045134
0.00085310,0.00046804,-0.00054126
0.00085320,0.00062590,-0.00061619
0.00085330,0.00061063,-0.00067425
0.00085340,0.00084786,-0.00071401
0.00085350,0.00094051,-0.00073451
0.00085360,0.00095419,-0.00073530
0.00085370,0.00112147,-0.00071641
0.00085380,0.00099987,-0.00067840
0.00085390,0.00110618,-0.00062231
0.00085400,0.00084537,-0.00054965
0.00085410,0.00083711,-0.00046235
0.00085420,0.00093818,-0.00036274
0.00085430,0.00060933,-0.00025347
0.00085440,0.00045473,-0.00013744
0.00085450,-0.00000707,-0.00001772
0.00085460,-0.00011774,0.00010251
0.00085470,-0.00024844,0.00022009
0.00085480,-0.00038528,0.00033192
0.00085490,-0.00058520,0.00043508
0.00085500,-0.00099942,0.00052688
0.00085510,-0.00089024,0.00060490
0.00085520,-0.00098868,0.00066709
0.00085530,-0.00110857,0.00071177
0.00085540,-0.00122223,0.00073769
0.00085550,-0.00134818,0.00074409
0.00085560,-0.00123566,0.00073067
0.00085570,-0.00119388,0.00069767
0.00085580,-0.00120967,0.00064585
0.00085590,-0.00115981,0.00057648
0.00085600,-0.00074525,0.00049135
0.00085610,-0.00070709,0.00039270
0.00085620,-0.00045115,0.00028317
0.00085630,-0.00038188,0.00016574
0.00085640,-0.00040408,0.00004362
0.00085650,-0.00002171,-0.00007982
0.00085660,-0.00012473,-0.00020116
0.00085670,0.00018282,-0.00031701
0.00085680,0.00019889,-0.00042408
0.00085690,0.00030488,-0.00051933
0.00085700,0.00057920,-0.00059996
0.00085710,0.00067437,-0.00066358
0.00085720,0.00066058,-0.00070826
0.00085730,0.00050838,-0.00073259
0.00085740,0.00045793,-0.00073578
0.00085750,0.00056599,-0.00071769
0.00085760,0.00041262,-0.00067886
0.00085770,0.00036776,-0.00062052
0.00085780,0.00041919,-0.00054454
0.00085790,0.00014788,-0.00045338
0.00085800,0.00007059,-0.00034999
0.00085810,-0.00006584,-0.00023772
0.00085820,-0.00010404,-0.00012014
0.00085830,-0.00017567,-0.00000097
0.00085840,-0.00040586,0.00011606
0.00085850,-0.00042530,0.00022733
0.00085860,-0.00055820,0.00032945
0.00085870,-0.00061986,0.00041933
0.00085880,-0.00042506,0.00049426
0.00085890,-0.00056083,0.00055204
0.00085900,-0.00055313,0.00059100
0.00085910,-0.00055277,0.00061010
0.00085920,-0.00050460,0.00060900
0.00085930,-0.00044243,0.00058806
0.00085940,-0.00038916,0.00054833
0.00085950,-0.00029840,0.00049156
0.00085960,-0.00040941,0.00042013
0.00085970,-0.00029352,0.00033692
0.00085980,-0.00022756,0.00024524
0.00085990,-0.00017141,0.00014869
0.00086000,-0.00004102,0.00005100
0.00086010,-0.00001249,-0.00004411
0.00086020,-0.00000081,-0.00013309
0.00086030,-0.00004080,-0.00021268
0.00086040,0.00006450,-0.00028003
0.00086050,-0.00002652,-0.00033282
0.00086060,0.00000087,-0.00036932
0.00086070,-0.00015594,-0.00038848
0.00086080,-0.00010619,-0.00038992
0.00086090,0.00004998,-0.00037400
0.00086100,-0.00025623,-0.00034176
0.00086110,-0.00011767,-0.00029496
0.00086120,-0.00028505,-0.00023591
0.00086130,-0.00021335,-0.00016747
0.00086140,-0.00017385,-0.00009291
0.00086150,-0.00041552,-0.00001573
0.00086160,-0.00042944,0.00006043
0.00086170,-0.00054211,0.00013198
0.00086180,-0.00037036,0.00019552
0.00086190,-0.00040351,0.00024799
0.00086200,-0.00057697,0.00028683
0.00086210,-0.00061750,0.00031004
0.00086220,-0.00064169,0.00031633
0.00086230,-0.00043747,0.00030511
0.00086240,-0.00033052,0.00027657
0.00086250,-0.00030906,0.00023164
0.00086260,-0.00006082,0.00017195
0.00086270,0.00006065,0.00009978
0.00086280,0.00009696,0.00001793
0.00086290,0.00010262,-0.00007031
0.00086300,0.00014340,-0.00016137
0.00086310,0.00014724,-0.00025148
0.00086320,0.00026912,-0.00033680
0.00086330,0.00018992,-0.00041362
0.00086340,0.00010221,-0.00047841
0.00086350,0.00019753,-0.00052803
0.00086360,0.00010934,-0.00055985
0.00086370,0.00029121,-0.00057181
0.00086380,0.00012176,-0.00056258
0.00086390,-0.00003353,-0.00053159
0.00086400,-0.00005365,-0.00047907
0.00086410,-0.00010735,-0.00040611
0.00086420,-0.00010672,-0.00031454
0.00086430,-0.00013216,-0.00020696
0.00086440,-0.00015771,-0.00008657
0.00086450,-0.00037704,0.00004288
0.00086460,-0.00043002,0.00017731
0.00086470,-0.00066084,0.00031236
0.00086480,-0.00041988,0.00044360
0.00086490,-0.00068166,0.00056665
0.00086500,-0.00082491,0.00067730
0.00086510,-0.00083948,0.00077163
0.00086520,-0.00106383,0.00084619
0.00086530,-0.00105806,0.00089803
0.00086540,-0.00123582,0.00092487
0.00086550,-0.00123627,0.00092518
0.00086560,-0.00080908,0.00089824
0.00086570,-0.00065405,0.00084417
0.00086580,-0.00071506,0.00076399
0.00086590,-0.00054585,0.00065957
0.00086600,-0.00048529,0.00053353
0.00086610,-0.00051000,0.00038925
0.00086620,-0.00039965,0.00023068
0.00086630,-0.00001721,0.00006222
0.00086640,0.00041281,-0.00011137
0.00086650,0.00023025,-0.00028517
0.00086660,0.00023196,-0.00045423
0.00086670,0.00037817,-0.00061370
0.00086680,0.00042894,-0.00075902
0.00086690,0.00043103,-0.00088599
0.00086700,0.00046390,-0.00099095
0.00086710,0.00032756,-0.00107088
0.00086720,0.00036424,-0.00112347
0.00086730,0.00059725,-0.00114719
0.00086740,0.00053715,-0.00114135
0.00086750,0.00048613,-0.00110609
0.00086760,0.00050038,-0.00104239
0.00086770,0.00059355,-0.00095199
0.00086780,0.00029753,-0.00083739
0.00086790,0.00009851,-0.00070168
0.00086800,-0.00003022,-0.00054852
0.00086810,-0.00006421,-0.00038200
0.00086820,-0.00034071,-0.00020647
0.00086830,-0.00030337,-0.00002650
0.00086840,-0.00039590,0.00015333
0.00086850,-0.00065212,0.00032849
0.00086860,-0.00065204,0.00049468
0.00086870,-0.00081841,0.00064789
0.00086880,-0.00061577,0.00078454
0.00086890,-0.00076809,0.00090154
0.00086900,-0.00076930,0.00099636
0.00086910,-0.00073227,0.00106706
0.00086920,-0.00062721,0.00111238
0.00086930,-0.00059446,0.00113167
0.00086940,-0.00055837,0.00112499
0.00086950,-0.00048232,0.00109300
0.00086960,-0.00048585,0.00103698
0.00086970,-0.00053247,0.00095875
0.00086980,-0.00039096,0.00086064
0.00086990,-0.00037008,0.00074536
0.00087000,-0.00026182,0.00061599
0.00087010,-0.00015067,0.00047582
0.00087020,-0.00013882,0.00032829
0.00087030,0.00006400,0.00017687
0.00087040,0.00000922,0.00002499
0.00087050,0.00013921,-0.00012407
0.00087060,0.00010755,-0.00026726
0.00087070,-0.00007081,-0.00040181
0.00087080,-0.00014415,-0.00052527
0.00087090,-0.00013054,-0.00063557
0.00087100,-0.00007826,-0.00073099
0.00087110,-0.00018486,-0.00081019
0.00087120,-0.00028211,-0.00087222
0.00087130,-0.00032244,-0.00091649
0.00087140,-0.00033453,-0.00094276
0.00087150,-0.00039822,-0.00095113
0.00087160,-0.00026617,-0.00094199
0.00087170,-0.00016046,-0.00091605
0.00087180,-0.00008979,-0.00087425
0.00087190,-0.00009608,-0.00081776
0.00087200,-0.00024460,-0.00074795
0.00087210,-0.00022010,-0.00066630
0.00087220,-0.00018627,-0.00057443
0.00087230,-0.00020107,-0.00047399
0.00087240,-0.00026911,-0.00036671
0.00087250,-0.00024664,-0.00025431
0.00087260,-0.00018215,-0.00013853
0.00087270,-0.00021221,-0.00002111
0.00087280,-0.00002907,0.00009621
0.00087290,-0.00016918,0.00021167
0.00087300,-0.00015347,0.00032352
0.00087310,0.00000494,0.00042999
0.00087320,0.00009051,0.00052934
0.00087330,-0.00001476,0.00061989
0.00087340,-0.00023026,0.00070006
0.00087350,-0.00019299,0.00076838
0.00087360,-0.00006286,0.00082355
0.00087370,-0.00026679,0.00086449
0.00087380,-0.00046929,0.00089030
0.00087390,-0.00035362,0.00090037
0.00087400,-0.00017971,0.00089429
0.00087410,-0.00015974,0.00087192
0.00087420,-0.00005157,0.00083340
0.00087430,-0.00015493,0.00077911
0.00087440,-0.00032844,0.00070973
0.00087450,-0.00036375,0.00062621
0.00087460,-0.00059933,0.00052982
0.00087470,-0.00048943,0.00042211
0.00087480,-0.00053784,0.00030494
0.00087490,-0.00034564,0.00018044
0.00087500,-0.00019779,0.00005096
0.00087510,-0.00033175,-0.00008095
0.00087520,-0.00012774,-0.00021260
0.00087530,-0.00034346,-0.00034126
0.00087540,-0.00011986,-0.00046416
0.00087550,-0.00045965,-0.00057864
0.00087560,-0.00044569,-0.00068214
0.00087570,-0.00021575,-0.00077232
0.00087580,-0.00016715,-0.00084707
0.00087590,0.00011509,-0.00090461
0.00087600,0.00006545,-0.00094349
0.00087610,-0.00010936,-0.00096267
0.00087620,-0.00025388,-0.00096149
0.00087630,-0.00027200,-0.00093974
0.00087640,-0.00041382,-0.00089766
0.00087650,-0.00015985,-0.00083595
0.00087660,-0.00020204,-0.00075582
0.00087670,-0.00034199,-0.00065891
0.00087680,-0.00024871,-0.00054732
0.00087690,-0.00040540,-0.00042352
0.00087700,-0.00035922,-0.00029035
0.00087710,-0.00056459,-0.00015087
0.00087720,-0.00050996,-0.00000834
0.00087730,-0.00041904,0.00013390
0.00087740,-0.00028443,0.00027251
0.00087750,-0.00037173,0.00040424
0.00087760,-0.00035883,0.00052602
0.00087770,-0.00031123,0.00063502
0.00087780,-0.00016232,0.00072874
0.00087790,-0.00016540,0.00080506
0.00087800,-0.00017862,0.00086228
0.00087810,-0.00022833,0.00089916
0.00087820,-0.00019305,0.00091495
0.00087830,-0.00009594,0.00090943
0.00087840,-0.00022626,0.00088291
0.00087850,0.00003572,0.00083619
0.00087860,0.00005418,0.00077060
0.00087870,0.00001494,0.00068795
0.00087880,0.00023479,0.00059045
0.00087890,0.00013887,0.00048070
0.00087900,0.00009400,0.00036155
0.00087910,0.00021317,0.00023608
0.00087920,0.00024298,0.00010741
0.00087930,0.00018141,-0.00002130
0.00087940,0.00007563,-0.00014702
0.00087950,0.00013587,-0.00026690
0.00087960,0.00001655,-0.00037830
0.00087970,-0.00010331,-0.00047888
0.00087980,-0.00003235,-0.00056661
0.00087990,-0.00012338,-0.00063977
0.00088000,-0.00003808,-0.00069700
0.00088010,-0.00038607,-0.00073731
0.00088020,-0.00062423,-0.00076008
0.00088030,-0.00052506,-0.00076508
0.00088040,-0.00083985,-0.00075250
0.00088050,-0.00063797,-0.00072293
0.00088060,-0.00052659,-0.00067734
0.00088070,-0.00086574,-0.00061708
0.00088080,-0.00079647,-0.00054380
0.00088090,-0.00086583,-0.00045942
0.00088100,-0.00082341,-0.00036609
0.00088110,-0.00079938,-0.00026606
0.00088120,-0.00074354,-0.00016167
0.00088130,-0.00060717,-0.00005525
0.00088140,-0.00063889,0.00005091
0.00088150,-0.00049675,0.00015463
0.00088160,-0.00036842,0.00025384
0.00088170,-0.00035582,0.00034663
0.00088180,-0.00015622,0.00043123
0.00088190,0.00003300,0.00050607
0.00088200,0.00015661,0.00056975
0.00088210,0.00020984,0.00062110
0.00088220,0.00017435,0.00065914
0.00088230,0.00039588,0.00068316
0.00088240,0.00049335,0.00069266
0.00088250,0.00072870,0.00068739
0.00088260,0.00058923,0.00066738
0.00088270,0.00044443,0.00063289
0.00088280,0.00043482,0.00058446
0.00088290,0.00053818,0.00052289
0.00088300,0.00057199,0.00044922
0.00088310,0.00038730,0.00036475
0.00088320,0.00021788,0.00027099
0.00088330,-0.00002650,0.00016968
0.00088340,0.00018493,0.00006275
0.00088350,-0.00012616,-0.00004770
0.00088360,-0.00028617,-0.00015943
0.00088370,-0.00036632,-0.00027007
0.00088380,-0.00046199,-0.00037721
0.00088390,-0.00056078,-0.00047844
0.00088400,-0.00082785,-0.00057139
0.00088410,-0.00066108,-0.00065378
0.00088420,-0.00083277,-0.00072351
0.00088430,-0.00087061,-0.00077866
0.00088440,-0.00096532,-0.00081758
0.00088450,-0.00093574,-0.00083892
0.00088460,-0.00081930,-0.00084167
0.00088470,-0.00101679,-0.00082516
0.00088480,-0.00096618,-0.00078914
0.00088490,-0.00105310,-0.00073379
0.00088500,-0.00099284,-0.00065972
0.00088510,-0.00075288,-0.00056801
0.00088520,-0.00042494,-0.00046019
0.00088530,-0.00036061,-0.00033826
0.00088540,-0.00010993,-0.00020464
0.00088550,0.00003032,-0.00006214
0.00088560,0.00002704,0.00008613
0.00088570,0.00024551,0.00023677
0.00088580,0.00033740,0.00038625
0.00088590,0.00035298,0.00053092
0.00088600,0.00041604,0.00066715
0.00088610,0.00049615,0.00079140
0.00088620,0.00061695,0.00090029
0.00088630,0.00058499,0.00099074
0.00088640,0.00047655,0.00105998
0.00088650,0.00031119,0.00110569
0.00088660,-0.00001813,0.00112603
0.00088670,-0.00003977,0.00111975
0.00088680,0.00001516,0.00108621
0.00088690,-0.00002945,0.00102547
0.00088700,-0.00008231,0.00093826
0.00088710,-0.00020303,0.00082601
0.00088720,-0.00018480,0.00069082
0.00088730,-0.00031765,0.00053546
0.00088740,-0.00061566,0.00036332
0.00088750,-0.00072849,0.00017829
0.00088760,-0.00072341,-0.00001526
0.00088770,-0.00058412,-0.00021262
0.00088780,-0.00064242,-0.00040885
0.00088790,-0.00050289,-0.00059892
0.00088800,-0.00068907,-0.00077783
0.00088810,-0.00078701,-0.00094075
0.00088820,-0.00076886,-0.00108320
0.00088830,-0.00086389,-0.00120112
0.00088840,-0.00056929,-0.00129105
0.00088850,-0.00046349,-0.00135021
0.00088860,-0.00052275,-0.00137659
0.00088870,-0.00042361,-0.00136904
0.00088880,-0.00029301,-0.00132727
0.00088890,-0.00031147,-0.00125189
0.00088900,-0.00026503,-0.00114441
0.00088910,-0.00006561,-0.00100717
0.00088920,0.00005613,-0.00084333
0.00088930,0.00000376,-0.00065676
0.00088940,0.00023928,-0.00045200
0.00088950,0.00009851,-0.00023410
0.00088960,0.00023846,-0.00000859
0.00088970,0.00033704,0.00021877
0.00088980,0.00021917,0.00044202
0.00088990,0.00031242,0.00065527
0.00089000,0.00022636,0.00085280
0.00089010,0.00029679,0.00102927
0.00089020,0.00028354,0.00117982
0.00089030,0.00010702,0.00130032
0.00089040,0.00007694,0.00138736
0.00089050,-0.00001118,0.00143846
0.00089060,-0.00022244,0.00145212
0.00089070,-0.00032490,0.00142783
0.00089080,-0.00031126,0.00136617
0.00089090,-0.00022537,0.00126874
0.00089100,-0.00027282,0.00113814
0.00089110,-0.00035312,0.00097793
0.00089120,-0.00051915,0.00079251
0.00089130,-0.00058011,0.00058699
0.00089140,-0.00043643,0.00036709
0.00089150,-0.00042905,0.00013896
0.00089160,-0.00050664,-0.00009099
0.00089170,-0.00058302,-0.00031627
0.00089180,-0.00069141,-0.00053053
0.00089190,-0.00058714,-0.00072771
0.00089200,-0.00053291,-0.00090229
0.00089210,-0.00036689,-0.00104942
0.00089220,-0.00030312,-0.00116508
0.00089230,-0.00048168,-0.00124623
0.00089240,-0.00038004,-0.00129086
0.00089250,-0.00037074,-0.00129811
0.00089260,-0.00017404,-0.00126819
0.00089270,0.00000784,-0.00120245
0.00089280,-0.00010691,-0.00110330
0.00089290,-0.00001828,-0.00097412
0.00089300,-0.00014586,-0.00081916
0.00089310,-0.00013902,-0.00064341
0.00089320,-0.00004924,-0.00045245
0.00089330,0.00003113,-0.00025229
0.00089340,0.00021755,-0.00004918
0.00089350,0.00022177,0.00015060
0.00089360,0.00025993,0.00034091
0.00089370,0.00028806,0.00051595
0.00089380,0.00022354,0.00067048
0.00089390,0.00005741,0.00079996
0.00089400,0.00010183,0.00090071
0.00089410,0.00006158,0.00097006
0.00089420,-0.00004752,0.00100636
0.00089430,-0.00003685,0.00100908
0.00089440,-0.00002659,0.00097876
0.00089450,-0.00018393,0.00091701
0.00089460,-0.00044980,0.00082639
0.00089470,-0.00047816,0.00071031
0.00089480,-0.00016712,0.00057296
0.00089490,-0.00030429,0.00041912
0.00089500,-0.00037466,0.00025405
0.00089510,-0.00032443,0.00008335
0.00089520,-0.00030457,-0.00008725
0.00089530,-0.00038121,-0.00025201
0.00089540,-0.00050689,-0.00040539
0.00089550,-0.00058988,-0.00054220
0.00089560,-0.00064279,-0.00065782
0.00089570,-0.00067732,-0.00074834
0.00089580,-0.00056720,-0.00081071
0.00089590,-0.00049321,-0.00084285
0.00089600,-0.00033596,-0.00084372
0.00089610,-0.00034975,-0.00081340
0.00089620,-0.00047786,-0.00075301
0.00089630,-0.00039569,-0.00066473
0.00089640,-0.00024335,-0.00055170
0.00089650,-0.00011620,-0.00041789
0.00089660,0.00008338,-0.00026796
0.00089670,0.00004064,-0.00010710
0.00089680,0.00024652,0.00005914
0.00089690,0.00014784,0.00022505
0.00089700,0.00024894,0.00038492
0.00089710,0.00015191,0.00053323
0.00089720,0.00027788,0.00066484
0.00089730,0.00058582,0.00077512
0.00089740,0.00052417,0.00086012
0.00089750,0.00070922,0.00091668
0.00089760,0.00038825,0.00094256
0.00089770,0.00029445,0.00093653
0.00089780,0.00020953,0.00089840
0.00089790,0.00016840,0.00082907
0.00089800,0.00037657,0.00073048
0.00089810,0.00026395,0.00060556
0.00089820,0.00021102,0.00045817
0.00089830,0.00014595,0.00029293
0.00089840,-0.00011970,0.00011508
0.00089850,-0.00032038,-0.00006968
0.00089860,-0.00042827,-0.00025541
0.00089870,-0.00057882,-0.00043612
0.00089880,-0.00065216,-0.00060595
0.00089890,-0.00057428,-0.00075939
0.00089900,-0.00053630,-0.00089144
0.00089910,-0.00075022,-0.00099779
0.00089920,-0.00056507,-0.00107494
0.00089930,-0.00069090,-0.00112031
0.00089940,-0.00058863,-0.00113234
0.00089950,-0.00054492,-0.00111048
0.00089960,-0.00067475,-0.00105529
0.00089970,-0.00052207,-0.00096833
0.00089980,-0.00068705,-0.00085213
0.00089990,-0.00048880,-0.00071010
0.00090000,-0.00049666,-0.00054643
0.00090010,-0.00050664,-0.00036591
0.00090020,-0.00014152,-0.00017386
0.00090030,-0.00012678,0.00002411
0.00090040,0.00005056,0.00022222
0.00090050,0.00015782,0.00041469
0.00090060,0.00026595,0.00059593
0.00090070,0.00008357,0.00076072
0.00090080,0.00002634,0.00090434
0.00090090,0.00040686,0.00102273
0.00090100,0.00028099,0.00111261
0.00090110,0.00043384,0.00117157
0.00090120,0.00035106,0.00119815
0.00090130,0.00041230,0.00119186
0.00090140,0.00059437,0.00115318
0.00090150,0.00060453,0.00108350
0.00090160,0.00047733,0.00098509
0.00090170,0.00030723,0.00086096
0.00090180,0.00013438,0.00071477
0.00090190,-0.00012369,0.00055075
0.00090200,0.00022514,0.00037349
0.00090210,-0.00005920,0.00018788
0.00090220,-0.00009133,-0.00000105
0.00090230,-0.00007024,-0.00018833
0.00090240,-0.00034105,-0.00036911
0.00090250,-0.00039294,-0.00053882
0.00090260,-0.00045763,-0.00069329
0.00090270,-0.00062079,-0.00082884
0.00090280,-0.00068325,-0.00094235
0.00090290,-0.00044187,-0.00103131
0.00090300,-0.00045855,-0.00109389
0.00090310,-0.00047534,-0.00112896
0.00090320,-0.00045647,-0.00113609
0.00090330,-0.00065280,-0.00111553
0.00090340,-0.00060937,-0.00106824
0.00090350,-0.00045498,-0.00099579
0.00090360,-0.00053859,-0.00090032
0.00090370,-0.00046656,-0.00078451
0.00090380,-0.00048533,-0.00065147
0.00090390,-0.00024226,-0.00050465
0.00090400,-0.00031826,-0.00034776
0.00090410,-0.00027487,-0.00018467
0.00090420,-0.00015026,-0.00001926
0.00090430,-0.00018742,0.00014463
0.00090440,0.00008051,0.00030330
0.00090450,0.00012338,0.00045332
0.00090460,0.00019147,0.00059154
0.00090470,0.00020220,0.00071516
0.00090480,0.00011633,0.00082180
0.00090490,0.00016478,0.00090949
0.00090500,-0.00003003,0.00097671
0.00090510,-0.00023055,0.00102239
0.00090520,-0.00010116,0.00104593
0.00090530,-0.00002177,0.00104718
0.00090540,-0.00008639,0.00102643
0.00090550,-0.00007298,0.00098444
0.00090560,-0.00019235,0.00092236
0.00090570,-0.00019954,0.00084175
0.00090580,-0.00031395,0.00074448
0.00090590,-0.00018530,0.00063273
0.00090600,-0.00010619,0.00050889
0.00090610,-0.00020902,0.00037554
0.00090620,-0.00033479,0.00023537
0.00090630,-0.00028132,0.00009114
0.00090640,-0.00023319,-0.00005438
0.00090650,-0.00026064,-0.00019843
0.00090660,-0.00021482,-0.00033836
0.00090670,-0.00043726,-0.00047163
0.00090680,-0.00024681,-0.00059586
0.00090690,-0.00022174,-0.00070886
0.00090700,-0.00006858,-0.00080862
0.00090710,-0.00007334,-0.00089335
0.00090720,0.00003386,-0.00096146
0.00090730,-0.00005103,-0.00101160
0.00090740,-0.00006733,-0.00104264
0.00090750,0.00008547,-0.00105375
0.00090760,0.00011619,-0.00104441
0.00090770,0.00030474,-0.00101446
0.00090780,0.00015207,-0.00096408
0.00090790,0.00005139,-0.00089388
0.00090800,0.00007462,-0.00080483
0.00090810,-0.00022806,-0.00069833
0.00090820,-0.00014913,-0.00057614
0.00090830,-0.00020173,-0.00044037
0.00090840,-0.00029802,-0.00029345
0.00090850,-0.00023508,-0.00013811
0.00090860,-0.00052972,0.00002269
0.00090870,-0.00041490,0.00018578
0.00090880,-0.00052944,0.00034784
0.00090890,-0.00065626,0.00050541
0.00090900,-0.00065153,0.00065499
0.00090910,-0.00081669,0.00079309
0.00090920,-0.00092351,0.00091633
0.00090930,-0.00095931,0.00102156
0.00090940,-0.00098051,0.00110592
0.00090950,-0.00072380,0.00116698
0.00090960,-0.00051662,0.00120279
0.00090970,-0.00049654,0.00121197
0.00090980,-0.00054518,0.00119373
0.00090990,-0.00052701,0.00114792
0.00091000,-0.00041459,0.00107506
0.00091010,-0.00035160,0.00097632
0.00091020,-0.00003534,0.00085353
0.00091030,0.00010388,0.00070918
0.00091040,0.00006728,0.00054633
0.00091050,0.00002442,0.00036862
0.00091060,0.00025755,0.00018014
0.00091070,0.00049914,-0.00001462
0.00091080,0.00052944,-0.00021090
0.00091090,0.00053377,-0.00040376
0.00091100,0.00063798,-0.00058826
0.00091110,0.00083251,-0.00075957
0.00091120,0.00074980,-0.00091312
0.00091130,0.00066292,-0.00104477
0.00091140,0.00062279,-0.00115090
0.00091150,0.00063428,-0.00122859
0.00091160,0.00046293,-0.00127562
0.00091170,0.00063605,-0.00129064
0.00091180,0.00050651,-0.00127314
0.00091190,0.00030788,-0.00122351
0.00091200,-0.00006992,-0.00114302
0.00091210,-0.00003173,-0.00103377
0.00091220,0.00002812,-0.00089867
0.00091230,-0.00066255,-0.00074134
0.00091240,-0.00062176,-0.00056601
0.00091250,-0.00083486,-0.00037740
0.00091260,-0.00079926,-0.00018059
0.00091270,-0.00087802,0.00001913
0.00091280,-0.00113230,0.00021641
0.00091290,-0.00124242,0.00040601
0.00091300,-0.00128498,0.00058294
0.00091310,-0.00126476,0.00074259
0.00091320,-0.00137059,0.00088087
0.00091330,-0.00132059,0.00099428
0.00091340,-0.00119253,0.00108005
0.00091350,-0.00097290,0.00113619
0.00091360,-0.00107713,0.00116153
0.00091370,-0.00070998,0.00115575
0.00091380,-0.00053246,0.00111941
0.00091390,-0.00034043,0.00105388
0.00091400,-0.00028908,0.00096132
0.00091410,-0.00001531,0.00084461
0.00091420,0.00030493,0.00070725
0.00091430,0.00037142,0.00055326
0.00091440,0.00066156,0.00038709
0.00091450,0.00069478,0.00021344
0.00091460,0.00074546,0.00003718
0.00091470,0.00083917,-0.00013680
0.00091480,0.00095491,-0.00030373
0.00091490,0.00088058,-0.00045905
0.00091500,0.00088903,-0.00059856
0.00091510,0.00093557,-0.00071850
0.00091520,0.00069590,-0.00081567
0.00091530,0.00061591,-0.00088750
0.00091540,0.00072002,-0.00093216
0.00091550,0.00058054,-0.00094860
0.00091560,0.00031950,-0.00093658
0.00091570,0.00014544,-0.00089672
0.00091580,-0.00004527,-0.00083042
0.00091590,-0.00013958,-0.00073989
0.00091600,-0.00041968,-0.00062804
0.00091610,-0.00033725,-0.00049839
0.00091620,-0.00049544,-0.00035498
0.00091630,-0.00066538,-0.00020224
0.00091640,-0.00085362,-0.00004487
0.00091650,-0.00097279,0.00011235
0.00091660,-0.00098507,0.00026461
0.00091670,-0.00097759,0.00040726
0.00091680,-0.00095708,0.00053595
0.00091690,-0.00102718,0.00064668
0.00091700,-0.00106256,0.00073600
0.00091710,-0.00109655,0.00080103
0.00091720,-0.00097199,0.00083962
0.00091730,-0.00074641,0.00085042
0.00091740,-0.00069612,0.00083290
0.00091750,-0.00043538,0.00078741
0.00091760,-0.00042170,0.00071518
0.00091770,-0.00024143,0.00061830
0.00091780,-0.00006537,0.00049961
0.00091790,-0.00010041,0.00036267
0.00091800,0.00000111,0.00021158
0.00091810,0.00010364,0.00005094
0.00091820,0.00023922,-0.00011437
0.00091830,0.00035110,-0.00027928
0.00091840,0.00052677,-0.00043866
0.00091850,0.00037300,-0.00058748
0.00091860,0.00041522,-0.00072095
0.00091870,0.00039256,-0.00083464
0.00091880,0.00048171,-0.00092462
0.00091890,0.00050374,-0.00098760
0.00091900,0.00046464,-0.00102104
0.00091910,0.00035417,-0.00102323
0.00091920,0.00003939,-0.00099340
0.00091930,0.00003596,-0.00093176
0.00091940,-0.00028977,-0.00083950
0.00091950,-0.00034644,-0.00071879
0.00091960,-0.00035029,-0.00057274
0.00091970,-0.00047337,-0.00040523
0.00091980,-0.00052750,-0.00022087
0.00091990,-0.00072551,-0.00002481
0.00092000,-0.00067799,0.00017740
0.00092010,-0.00070509,0.00037994
0.00092020,-0.00062199,0.00057694
0.00092030,-0.00059561,0.00076260
0.00092040,-0.00075746,0.00093133
0.00092050,-0.00060229,0.00107797
0.00092060,-0.00061857,0.00119785
0.00092070,-0.00049397,0.00128700
0.00092080,-0.00041129,0.00134224
0.00092090,-0.00032270,0.00136129
0.00092100,-0.00011929,0.00134287
0.00092110,-0.00007901,0.00128676
0.00092120,0.00011061,0.00119385
0.00092130,0.00025682,0.00106616
0.00092140,0.00027467,0.00090675
0.00092150,0.00051583,0.00071969
0.00092160,0.00028144,0.00050991
0.00092170,0.00023796,0.00028306
0.00092180,0.00031976,0.00004532
0.00092190,0.00020695,-0.00019679
0.00092200,0.00025025,-0.00043664
0.00092210,0.00019036,-0.00066767
0.00092220,0.00023685,-0.00088358
0.00092230,-0.00002965,-0.00107849
0.00092240,-0.00000175,-0.00124711
0.00092250,-0.00004270,-0.00138486
0.00092260,-0.00019976,-0.00148797
0.00092270,-0.00018309,-0.00155359
0.00092280,-0.00044279,-0.00157984
0.00092290,-0.00036127,-0.00156591
0.00092300,-0.00067059,-0.00151203
0.00092310,-0.00069280,-0.00141952
0.00092320,-0.00056572,-0.00129077
0.00092330,-0.00069598,-0.00112913
0.00092340,-0.00058548,-0.00093888
0.00092350,-0.00072557,-0.00072505
0.00092360,-0.00057424,-0.00049330
0.00092370,-0.00049650,-0.00024974
0.00092380,-0.00043961,-0.00000073
0.00092390,-0.00026808,0.00024729
0.00092400,-0.00038162,0.00048797
0.00092410,-0.00034685,0.00071524
0.00092420,-0.00031174,0.00092342
0.00092430,-0.00036557,0.00110740
0.00092440,-0.00017064,0.00126272
0.00092450,-0.00022624,0.00138573
0.00092460,-0.00020037,0.00147363
0.00092470,-0.00006143,0.00152460
0.00092480,0.00003219,0.00153779
0.00092490,0.00015989,0.00151338
0.00092500,0.00020021,0.00145253
0.00092510,0.00025715,0.00135734
0.00092520,0.00026849,0.00123078
0.00092530,0.00015441,0.00107660
0.00092540,0.00015821,0.00089922
0.00092550,0.00025638,0.00070353
0.00092560,0.00018079,0.00049484
0.00092570,0.00003435,0.00027865
0.00092580,-0.00014897,0.00006055
0.00092590,-0.00004319,-0.00015398
0.00092600,-0.00027029,-0.00035968
0.00092610,-0.00022929,-0.00055165
0.00092620,-0.00008244,-0.00072551
0.00092630,-0.00016510,-0.00087744
0.00092640,-0.00030062,-0.00100433
0.00092650,-0.00051338,-0.00110380
0.00092660,-0.00036526,-0.00117427
0.00092670,-0.00049268,-0.00121495
0.00092680,-0.00031825,-0.00122586
0.00092690,-0.00033688,-0.00120780
0.00092700,-0.00052328,-0.00116230
0.00092710,-0.00025125,-0.00109156
0.00092720,-0.00036667,-0.00099834
0.00092730,-0.00027454,-0.00088590
0.00092740,-0.00022757,-0.00075785
0.00092750,-0.00034122,-0.00061806
0.00092760,-0.00023205,-0.00047054
0.00092770,-0.00019315,-0.00031930
0.00092780,-0.00009465,-0.00016829
0.00092790,-0.00013007,-0.00002123
0.00092800,-0.00012729,0.00011844
0.00092810,-0.00020233,0.00024766
0.00092820,-0.00020003,0.00036384
0.00092830,-0.00009899,0.00046490
0.00092840,-0.00000866,0.00054929
0.00092850,-0.00003911,0.00061605
0.00092860,-0.00009142,0.00066479
0.00092870,-0.00000494,0.00069565
0.00092880,-0.00011019,0.00070927
0.00092890,0.00011291,0.00070676
0.00092900,0.00014145,0.00068960
0.00092910,0.00008687,0.00065957
0.00092920,0.00006536,0.00061871
0.00092930,-0.00007726,0.00056918
0.00092940,-0.00007116,0.00051324
0.00092950,0.00003761,0.00045309
0.00092960,-0.00015489,0.00039087
0.00092970,-0.00006216,0.00032853
0.00092980,-0.00016090,0.00026778
0.00092990,-0.00017239,0.00021005
0.00093000,-0.00017144,0.00015644
0.00093010,-0.00023656,0.00010772
0.00093020,-0.00003507,0.00006430
0.00093030,-0.00004746,0.00002628
0.00093040,-0.00006109,-0.00000655
0.00093050,-0.00032979,-0.00003469
0.00093060,-0.00018718,-0.00005883
0.00093070,-0.00033821,-0.00007987
0.00093080,-0.00036400,-0.00009883
0.00093090,-0.00025146,-0.00011681
0.00093100,-0.00021327,-0.00013486
0.00093110,-0.00022974,-0.00015402
0.00093120,-0.00033148,-0.00017515
0.00093130,-0.00045345,-0.00019891
0.00093140,-0.00040862,-0.00022571
0.00093150,-0.00057683,-0.00025563
0.00093160,-0.00070559,-0.00028841
0.00093170,-0.00043417,-0.00032341
0.00093180,-0.00051405,-0.00035962
0.00093190,-0.00039364,-0.00039572
0.00093200,-0.00048367,-0.00043011
0.00093210,-0.00050137,-0.00046101
0.00093220,-0.00045170,-0.00048655
0.00093230,-0.00033027,-0.00050487
0.00093240,-0.00046389,-0.00051418
0.00093250,-0.00019949,-0.00051286
0.00093260,-0.00002761,-0.00049955
0.00093270,-0.00011635,-0.00047318
0.00093280,0.00017624,-0.00043305
0.00093290,-0.00000601,-0.00037891
0.00093300,0.00008122,-0.00031101
0.00093310,-0.00000746,-0.00023011
0.00093320,0.00002618,-0.00013756
0.00093330,0.00006313,-0.00003527
0.00093340,0.00006827,0.00007432
0.00093350,0.00034187,0.00018831
0.00093360,0.00024635,0.00030340
0.00093370,0.00030001,0.00041604
0.00093380,0.00013876,0.00052258
0.00093390,0.00017546,0.00061937
0.00093400,0.00034331,0.00070294
0.00093410,0.00019986,0.00077017
0.00093420,0.00019217,0.00081837
0.00093430,0.00016317,0.00084543
0.00093440,0.00005434,0.00084986
0.00093450,0.00004485,0.00083091
0.00093460,-0.00011208,0.00078853
0.00093470,-0.00006705,0.00072346
0.00093480,-0.00010704,0.00063717
0.00093490,-0.00009373,0.00053181
0.00093500,-0.00019052,0.00041020
0.00093510,-0.00046534,0.00027569
0.00093520,-0.00065649,0.00013212
0.00093530,-0.00071677,-0.00001637
0.00093540,-0.00073739,-0.00016542
0.00093550,-0.00083675,-0.00031058
0.00093560,-0.00082699,-0.00044748
0.00093570,-0.00083790,-0.00057195
0.00093580,-0.00098939,-0.00068016
0.00093590,-0.00085228,-0.00076877
0.00093600,-0.00092634,-0.00083502
0.00093610,-0.00079867,-0.00087686
0.00093620,-0.00060906,-0.00089299
0.00093630,-0.00032638,-0.00088294
0.00093640,-0.00022977,-0.00084706
0.00093650,-0.00037475,-0.00078654
0.00093660,-0.00020852,-0.00070333
0.00093670,-0.00029745,-0.00060010
0.00093680,-0.00005416,-0.00048012
0.00093690,0.00003342,-0.00034720
0.00093700,0.00012771,-0.00020551
0.00093710,0.00050895,-0.00005947
0.00093720,0.00024356,0.00008634
0.00093730,0.00041377,0.00022741
0.00093740,0.00031028,0.00035936
0.00093750,0.00046323,0.00047814
0.00093760,0.00048597,0.00058014
0.00093770,0.00036424,0.00066232
0.00093780,0.00038510,0.00072230
0.00093790,0.00021300,0.00075843
0.00093800,0.00024310,0.00076988
0.00093810,0.00014273,0.00075663
0.00093820,0.00001605,0.00071948
0.00093830,-0.00008167,0.00065999
0.00093840,-0.00021865,0.00058048
0.00093850,-0.00023835,0.00048383
0.00093860,-0.00037434,0.00037349
0.00093870,-0.00027281,0.00025324
0.00093880,-0.00033077,0.00012712
0.00093890,-0.00035261,-0.00000067
0.00093900,-0.00053440,-0.00012598
0.00093910,-0.00062215,-0.00024476
0.00093920,-0.00039365,-0.00035322
0.00093930,-0.00048937,-0.00044793
0.00093940,-0.00042589,-0.00052594
0.00093950,-0.00053600,-0.00058491
0.00093960,-0.00044189,-0.00062313
0.00093970,-0.00048982,-0.00063960
0.00093980,-0.00045975,-0.00063409
0.00093990,-0.00024723,-0.00060708
0.00094000,-0.00031103,-0.00055977
0.00094010,-0.00034046,-0.00049404
0.00094020,-0.00035475,-0.00041235
0.00094030,-0.00026607,-0.00031766
0.00094040,-0.00022681,-0.00021334
0.00094050,-0.00019831,-0.00010301
0.00094060,-0.00013238,0.00000954
0.00094070,0.00002328,0.00012052
0.00094080,0.00013591,0.00022621
0.00094090,0.00003639,0.00032313
0.00094100,-0.00006705,0.00040810
0.00094110,-0.00018740,0.00047838
0.00094120,-0.00005718,0.00053174
0.00094130,0.00011762,0.00056654
0.00094140,0.00013142,0.00058177
0.00094150,0.00010375,0.00057712
0.00094160,-0.00006503,0.00055292
0.00094170,-0.00002005,0.00051021
0.00094180,-0.00008526,0.00045061
0.00094190,-0.00022710,0.00037631
0.00094200,-0.00036106,0.00028999
0.00094210,-0.00044177,0.00019468
0.00094220,-0.00054181,0.00009368
0.00094230,-0.00058146,-0.00000954
0.00094240,-0.00062892,-0.00011147
0.00094250,-0.00059872,-0.00020867
0.00094260,-0.00047431,-0.00029788
0.00094270,-0.00044365,-0.00037611
0.00094280,-0.00037623,-0.00044077
0.00094290,-0.00037314,-0.00048976
0.00094300,-0.00028558,-0.00052152
0.00094310,-0.00028578,-0.00053515
0.00094320,-0.00020333,-0.00053037
0.00094330,-0.00016019,-0.00050757
0.00094340,0.00002126,-0.00046778
0.00094350,0.00012364,-0.00041265
0.00094360,0.00016372,-0.00034434
0.00094370,0.00020845,-0.00026546
0.00094380,0.00020427,-0.00017897
0.00094390,0.00033941,-0.00008803
0.00094400,0.00005674,0.00000409
0.00094410,-0.00002264,0.00009412
0.00094420,-0.00001445,0.00017897
0.00094430,-0.00000356,0.00025578
0.00094440,-0.00001134,0.00032202
0.00094450,-0.00015370,0.00037560
0.00094460,-0.00039411,0.00041491
0.00094470,-0.00032466,0.00043884
0.00094480,-0.00025150,0.00044688
0.00094490,-0.00019154,0.00043907
0.00094500,-0.00026440,0.00041601
0.00094510,-0.00053814,0.00037882
0.00094520,-0.00047049,0.00032912
0.00094530,-0.00052118,0.00026892
0.00094540,-0.00050753,0.00020056
0.00094550,-0.00063398,0.00012663
0.00094560,-0.00059648,0.00004984
0.00094570,-0.00056331,-0.00002709
0.00094580,-0.00050655,-0.00010148
0.00094590,-0.00040005,-0.00017085
0.00094600,-0.00055361,-0.00023293
0.00094610,-0.00035330,-0.00028578
0.00094620,-0.00036142,-0.00032783
0.00094630,-0.00047021,-0.00035792
0.00094640,-0.00034682,-0.00037532
0.00094650,-0.00021918,-0.00037977
0.00094660,-0.00010657,-0.00037147
0.00094670,-0.00003284,-0.00035106
0.00094680,0.00003143,-0.00031959
0.00094690,0.00017657,-0.00027841
0.00094700,0.00000029,-0.00022917
0.00094710,0.00014573,-0.00017368
0.00094720,0.00032965,-0.00011385
0.00094730,0.00030035,-0.00005162
0.00094740,0.00029724,0.00001106
0.00094750,0.00015473,0.00007236
0.00094760,0.00013110,0.00013056
0.00094770,0.00013765,0.00018411
0.00094780,0.00020757,0.00023165
0.00094790,0.00015847,0.00027206
0.00094800,0.00000708,0.00030449
0.00094810,-0.00004630,0.00032834
0.00094820,-0.00014592,0.00034331
0.00094830,-0.00025325,0.00034936
0.00094840,-0.00044146,0.00034671
0.00094850,-0.00052498,0.00033578
0.00094860,-0.00053383,0.00031720
0.00094870,-0.00051444,0.00029171
0.00094880,-0.00051673,0.00026019
0.00094890,-0.00070592,0.00022356
0.00094900,-0.00070957,0.00018278
0.00094910,-0.00069192,0.00013882
0.00094920,-0.00065281,0.00009268
0.00094930,-0.00042563,0.00004528
0.00094940,-0.00050930,-0.00000245
0.00094950,-0.00060564,-0.00004968
0.00094960,-0.00040601,-0.00009561
0.00094970,-0.00038820,-0.00013954
0.00094980,-0.00031531,-0.00018086
0.00094990,-0.00002158,-0.00021903
0.00095000,-0.00009795,-0.00025362
0.00095010,0.00001497,-0.00028426
0.00095020,0.00007105,-0.00031065
0.00095030,0.00008894,-0.00033252
0.00095040,0.00008588,-0.00034964
0.00095050,0.00005134,-0.00036178
0.00095060,0.00019522,-0.00036870
0.00095070,0.00012830,-0.00037017
0.00095080,0.00014067,-0.00036591
0.00095090,0.00001803,-0.00035565
0.00095100,-0.00012266,-0.00033908
0.00095110,0.00002841,-0.00031595
0.00095120,-0.00006172,-0.00028602
0.00095130,-0.00017392,-0.00024918
0.00095140,-0.00016522,-0.00020542
0.00095150,-0.00028955,-0.00015495
0.00095160,-0.00022210,-0.00009819
0.00095170,-0.00027316,-0.00003581
0.00095180,-0.00022103,0.00003128
0.00095190,-0.00038756,0.00010191
0.00095200,-0.00040279,0.00017471
0.00095210,-0.00047072,0.00024809
0.00095220,-0.00051047,0.00032033
0.00095230,-0.00052048,0.00038957
0.00095240,-0.00055971,0.00045386
0.00095250,-0.00060884,0.00051126
0.00095260,-0.00067334,0.00055980
0.00095270,-0.00056629,0.00059761
0.00095280,-0.00055862,0.00062295
0.00095290,-0.00029276,0.00063426
0.00095300,-0.00039974,0.00063031
0.00095310,-0.00031203,0.00061018
0.00095320,-0.00037369,0.00057344
0.00095330,-0.00038303,0.00052011
0.00095340,-0.00006346,0.00045079
0.00095350,-0.00020470,0.00036663
0.00095360,0.00004486,0.00026932
0.00095370,0.00014735,0.00016109
0.00095380,0.00015750,0.00004460
0.00095390,0.00019860,-0.00007712
0.00095400,0.00030256,-0.00020077
0.00095410,0.00027861,-0.00032291
0.00095420,0.00011176,-0.00044001
0.00095430,0.00010544,-0.00054861
0.00095440,0.00015679,-0.00064540
0.00095450,0.00000766,-0.00072732
0.00095460,-0.00004470,-0.00079165
0.00095470,-0.00008046,-0.00083615
0.00095480,0.00001402,-0.00085909
0.00095490,-0.00007659,-0.00085932
0.00095500,-0.00039491,-0.00083637
0.00095510,-0.00022426,-0.00079043
0.00095520,-0.00047351,-0.00072238
0.00095530,-0.00042045,-0.00063376
0.00095540,-0.00035388,-0.00052676
0.00095550,-0.00030238,-0.00040414
0.00095560,-0.00036559,-0.00026916
0.00095570,-0.00055566,-0.00012547
0.00095580,-0.00042330,0.00002297
0.00095590,-0.00048652,0.00017202
0.00095600,-0.00048590,0.00031752
0.00095610,-0.00060382,0.00045532
0.00095620,-0.00057422,0.00058151
0.00095630,-0.00044910,0.00069246
0.00095640,-0.00039592,0.00078495
0.00095650,-0.00035559,0.00085628
0.00095660,-0.00023617,0.00090432
0.00095670,-0.00025676,0.00092759
0.00095680,-0.00019039,0.00092529
0.00095690,-0.00023594,0.00089733
0.00095700,-0.00010802,0.00084434
0.00095710,-0.00015822,0.00076765
0.00095720,-0.00012502,0.00066928
0.00095730,-0.00005258,0.00055189
0.00095740,-0.00007040,0.00041872
0.00095750,-0.00020828,0.00027349
0.00095760,-0.00015493,0.00012031
0.00095770,-0.00002974,-0.00003646
0.00095780,0.00007338,-0.00019228
0.00095790,0.00002575,-0.00034264
0.00095800,0.00007055,-0.00048314
0.00095810,0.00003686,-0.00060961
0.00095820,-0.00003524,-0.00071828
0.00095830,0.00001475,-0.00080589
0.00095840,0.00002931,-0.00086978
0.00095850,-0.00006210,-0.00090801
0.00095860,-0.00006969,-0.00091941
0.00095870,-0.00032070,-0.00090363
0.00095880,-0.00044788,-0.00086114
0.00095890,-0.00055438,-0.00079324
0.00095900,-0.00046392,-0.00070198
0.00095910,-0.00054466,-0.00059012
0.00095920,-0.00044093,-0.00046104
0.00095930,-0.00039986,-0.00031860
0.00095940,-0.00060169,-0.00016705
0.00095950,-0.00052733,-0.00001090
0.00095960,-0.00036743,0.00014522
0.00095970,-0.00036162,0.00029670
0.00095980,-0.00027862,0.00043911
0.00095990,-0.00023400,0.00056829
0.00096000,-0.00044226,0.00068048
0.00096010,-0.00039098,0.00077245
0.00096020,-0.00029041,0.00084158
0.00096030,-0.00024548,0.00088595
0.00096040,-0.00017565,0.00090435
0.00096050,-0.00004733,0.00089637
0.00096060,-0.00000549,0.00086237
0.00096070,0.00012700,0.00080345
0.00096080,-0.00004708,0.00072143
0.00096090,-0.00009292,0.00061878
0.00096100,0.00010949,0.00049853
0.00096110,-0.00011245,0.00036420
0.00096120,-0.00000319,0.00021969
0.00096130,-0.00011042,0.00006918
0.00096140,-0.00011466,-0.00008299
0.00096150,-0.00015054,-0.00023244
0.00096160,-0.00007363,-0.00037489
0.00096170,0.00017741,-0.00050630
0.00096180,0.00017417,-0.00062301
0.00096190,0.00016776,-0.00072181
0.00096200,-0.00005151,-0.00080009
0.00096210,-0.00002734,-0.00085590
0.00096220,-0.00000994,-0.00088796
0.00096230,-0.00011088,-0.00089569
0.00096240,0.00009110,-0.00087922
0.00096250,0.00017995,-0.00083933
0.00096260,0.00007585,-0.00077745
0.00096270,-0.00008432,-0.00069556
0.00096280,-0.00024129,-0.00059616
0.00096290,-0.00033004,-0.00048216
0.00096300,-0.00037396,-0.00035684
0.00096310,-0.00040481,-0.00022372
0.00096320,-0.00052162,-0.00008649
0.00096330,-0.00062618,0.00005112
0.00096340,-0.00051984,0.00018541
0.00096350,-0.00054884,0.00031286
0.00096360,-0.00052171,0.00043024
0.00096370,-0.00055224,0.00053468
0.00096380,-0.00065516,0.00062376
0.00096390,-0.00075022,0.00069559
0.00096400,-0.00084139,0.00074881
0.00096410,-0.00075970,0.00078261
0.00096420,-0.00075173,0.00079674
0.00096430,-0.00066381,0.00079143
0.00096440,-0.00051740,0.00076740
0.00096450,-0.00038451,0.00072577
0.00096460,-0.00032289,0.00066806
0.00096470,-0.00036331,0.00059607
0.00096480,-0.00024028,0.00051193
0.00096490,-0.00007498,0.00041796
0.00096500,-0.00024759,0.00031669
0.00096510,-0.00022866,0.00021075
0.00096520,-0.00006222,0.00010287
0.00096530,0.00012415,-0.00000423
0.00096540,0.00021500,-0.00010794
0.00096550,0.00023590,-0.00020577
0.00096560,0.00046870,-0.00029549
0.00096570,0.00034666,-0.00037517
0.00096580,0.00034659,-0.00044323
0.00096590,0.00046618,-0.00049847
0.00096600,0.00042404,-0.00054011
0.00096610,0.00039700,-0.00056773
0.00096620,0.00039246,-0.00058133
0.00096630,0.00033190,-0.00058124
0.00096640,0.00011899,-0.00056813
0.00096650,0.00008643,-0.00054291
0.00096660,0.00023929,-0.00050678
0.00096670,0.00014729,-0.00046112
0.00096680,0.00022576,-0.00040749
0.00096690,0.00004015,-0.00034760
0.00096700,-0.00013860,-0.00028322
0.00096710,-0.00036905,-0.00021621
0.00096720,-0.00064887,-0.00014839
0.00096730,-0.00050799,-0.00008157
0.00096740,-0.00048947,-0.00001740
0.00096750,-0.00060144,0.00004260
0.00096760,-0.00077563,0.00009713
0.00096770,-0.00064666,0.00014513
0.00096780,-0.00065838,0.00018582
0.00096790,-0.00073802,0.00021869
0.00096800,-0.00062942,0.00024350
0.00096810,-0.00076475,0.00026028
0.00096820,-0.00076992,0.00026930
0.00096830,-0.00048935,0.00027103
0.00096840,-0.00043130,0.00026613
0.00096850,-0.00044051,0.00025543
0.00096860,-0.00037563,0.00023991
0.00096870,-0.00015280,0.00022066
0.00096880,-0.00008479,0.00019888
0.00096890,0.00006380,0.00017582
0.00096900,0.00018635,0.00015275
0.00096910,-0.00002834,0.00013084
0.00096920,0.00005022,0.00011119
0.00096930,0.00010667,0.00009469
0.00096940,0.00015078,0.00008199
0.00096950,0.00018805,0.00007351
0.00096960,0.00016561,0.00006938
0.00096970,0.00020662,0.00006942
0.00096980,0.00014863,0.00007322
0.00096990,0.00018202,0.00008012
0.00097000,0.00016480,0.00008925
0.00097010,-0.00004960,0.00009962
0.00097020,0.00007796,0.00011011
0.00097030,0.00015062,0.00011956
0.00097040,-0.00017603,0.00012680
0.00097050,-0.00036365,0.00013068
0.00097060,-0.00025784,0.00013016
0.00097070,-0.00020708,0.00012432
0.00097080,-0.00019573,0.00011239
0.00097090,-0.00028203,0.00009384
0.00097100,-0.00056207,0.00006835
0.00097110,-0.00069885,0.00003589
0.00097120,-0.00057101,-0.00000330
0.00097130,-0.00051687,-0.00004870
0.00097140,-0.00052494,-0.00009943
0.00097150,-0.00053801,-0.00015435
0.00097160,-0.00040693,-0.00021202
0.00097170,-0.00019808,-0.00027075
0.00097180,-0.00013421,-0.00032862
0.00097190,-0.00020107,-0.00038360
0.00097200,-0.00021694,-0.00043356
0.00097210,-0.00019161,-0.00047638
0.00097220,-0.00001012,-0.00051001
0.00097230,-0.00002218,-0.00053257
0.00097240,0.00009348,-0.00054245
0.00097250,0.00019072,-0.00053830
0.00097260,0.00013458,-0.00051921
0.00097270,0.00021785,-0.00048463
0.00097280,0.00011157,-0.00043453
0.00097290,0.00005256,-0.00036932
0.00097300,0.00008433,-0.00028996
0.00097310,0.00014203,-0.00019787
0.00097320,0.00022029,-0.00009496
0.00097330,0.00009181,0.00001644
0.00097340,0.00014249,0.00013360
0.00097350,0.00003692,0.00025346
0.00097360,-0.00017747,0.00037274
0.00097370,-0.00022711,0.00048800
0.00097380,-0.00037011,0.00059573
0.00097390,-0.00061193,0.00069248
0.00097400,-0.00074041,0.00077496
0.00097410,-0.00077126,0.00084014
0.00097420,-0.00088808,0.00088538
0.00097430,-0.00092075,0.00090850
0.00097440,-0.00095989,0.00090793
0.00097450,-0.00096471,0.00088275
0.00097460,-0.00101189,0.00083277
0.00097470,-0.00099976,0.00075856
0.00097480,-0.00082129,0.00066140
0.00097490,-0.00100310,0.00054333
0.00097500,-0.00081521,0.00040703
0.00097510,-0.00065943,0.00025583
0.00097520,-0.00062654,0.00009355
0.00097530,-0.00029111,-0.00007555
0.00097540,-0.00027577,-0.00024690
0.00097550,-0.00013448,-0.00041574
0.00097560,0.00000628,-0.00057727
0.00097570,0.00023759,-0.00072678
0.00097580,0.00027765,-0.00085981
0.00097590,0.00052179,-0.00097228
0.00097600,0.00069665,-0.00106067
0.00097610,0.00072672,-0.00112210
0.00097620,0.00101118,-0.00115442
0.00097630,0.00109448,-0.00115635
0.00097640,0.00100752,-0.00112743
0.00097650,0.00092881,-0.00106807
0.00097660,0.00077538,-0.00097955
0.00097670,0.00074184,-0.00086393
0.00097680,0.00060264,-0.00072403
0.00097690,0.00050608,-0.00056332
0.00097700,0.00031871,-0.00038588
0.00097710,0.00014888,-0.00019629
0.00097720,-0.00007372,0.00000050
0.00097730,-0.00019150,0.00019924
0.00097740,-0.00036018,0.00039456
0.00097750,-0.00064801,0.00058107
0.00097760,-0.00085901,0.00075357
0.00097770,-0.00101618,0.00090714
0.00097780,-0.00103566,0.00103739
0.00097790,-0.00122197,0.00114054
0.00097800,-0.00128418,0.00121359
0.00097810,-0.00144517,0.00125441
0.00097820,-0.00132458,0.00126180
0.00097830,-0.00126545,0.00123550
0.00097840,-0.00124644,0.00117621
0.00097850,-0.00116720,0.00108557
0.00097860,-0.00124734,0.00096606
0.00097870,-0.00093671,0.00082095
0.00097880,-0.00072225,0.00065423
0.00097890,-0.00063444,0.00047044
0.00097900,-0.00047539,0.00027459
0.00097910,-0.00020431,0.00007204
0.00097920,-0.00000062,-0.00013167
0.00097930,0.00010311,-0.00033099
0.00097940,0.00036090,-0.00052047
0.00097950,0.00051915,-0.00069494
0.00097960,0.00045786,-0.00084967
0.00097970,0.00052368,-0.00098051
0.00097980,0.00068591,-0.00108398
0.00097990,0.00062853,-0.00115743
0.00098000,0.00073031,-0.00119905
0.00098010,0.00072026,-0.00120800
0.00098020,0.00078640,-0.00118434
0.00098030,0.00083929,-0.00112908
0.00098040,0.00035753,-0.00104410
0.00098050,0.00045350,-0.00093211
0.00098060,0.00028985,-0.00079657
0.00098070,0.00014668,-0.00064155
0.00098080,0.00042234,-0.00047165
0.00098090,0.00025086,-0.00029183
0.00098100,-0.00000989,-0.00010729
0.00098110,-0.00041185,0.00007669
0.00098120,-0.00063033,0.00025491
0.00098130,-0.00059650,0.00042238
0.00098140,-0.00073609,0.00057452
0.00098150,-0.00078714,0.00070723
0.00098160,-0.00085796,0.00081708
0.00098170,-0.00104505,0.00090138
0.00098180,-0.00119398,0.00095827
0.00098190,-0.00119016,0.00098675
0.00098200,-0.00101269,0.00098672
0.00098210,-0.00087415,0.00095891
0.00098220,-0.00081114,0.00090485
0.00098230,-0.00098833,0.00082683
0.00098240,-0.00101405,0.00072775
0.00098250,-0.00069579,0.00061107
0.00098260,-0.00060488,0.00048069
0.00098270,-0.00045211,0.00034083
0.00098280,-0.00030985,0.00019590
0.00098290,-0.00034168,0.00005040
0.00098300,-0.00012604,-0.00009123
0.00098310,-0.00004445,-0.00022476
0.00098320,-0.00010998,-0.00034627
0.00098330,-0.00011168,-0.00045233
0.00098340,-0.00009609,-0.00054006
0.00098350,0.00006290,-0.00060721
0.00098360,0.00003732,-0.00065227
0.00098370,0.00012247,-0.00067447
0.00098380,0.00032647,-0.00067378
0.00098390,0.00014902,-0.00065094
0.00098400,0.00009184,-0.00060734
0.00098410,0.00006365,-0.00054505
0.00098420,0.00011921,-0.00046666
0.00098430,0.00015228,-0.00037524
0.00098440,0.00010757,-0.00027425
0.00098450,-0.00003466,-0.00016737
0.00098460,-0.00010642,-0.00005844
0.00098470,-0.00019664,0.00004869
0.00098480,-0.00035977,0.00015028
0.00098490,-0.00017962,0.00024283
0.00098500,-0.00019628,0.00032321
0.00098510,0.00002924,0.00038873
0.00098520,0.00004402,0.00043724
0.00098530,-0.00015914,0.00046722
0.00098540,-0.00024512,0.00047782
0.00098550,-0.00027079,0.00046885
0.00098560,0.00000927,0.00044084
0.00098570,-0.00011746,0.00039495
0.00098580,0.00012509,0.00033297
0.00098590,-0.00010863,0.00025722
0.00098600,-0.00006476,0.00017047
0.00098610,-0.00011206,0.00007583
0.00098620,-0.00031249,-0.00002334
0.00098630,-0.00024841,-0.00012354
0.00098640,-0.00021559,-0.00022125
0.00098650,-0.00024496,-0.00031302
0.00098660,-0.00036624,-0.00039559
0.00098670,-0.00017164,-0.00046597
0.00098680,-0.00002731,-0.00052155
0.00098690,0.00003381,-0.00056018
0.00098700,-0.00034807,-0.00058023
0.00098710,-0.00045656,-0.00058065
0.00098720,-0.00047066,-0.00056099
0.00098730,-0.00045415,-0.00052143
0.00098740,-0.00048528,-0.00046275
0.00098750,-0.00037934,-0.00038635
0.00098760,-0.00035915,-0.00029416
0.00098770,-0.00040248,-0.00018867
0.00098780,-0.00031560,-0.00007279
0.00098790,-0.00024057,0.00005018
0.00098800,-0.00032185,0.00017666
0.00098810,-0.00043310,0.00030288
0.00098820,-0.00059345,0.00042499
0.00098830,-0.00051165,0.00053921
0.00098840,-0.00040556,0.00064189
0.00098850,-0.00031472,0.00072965
0.00098860,-0.00027540,0.00079950
0.00098870,-0.00026365,0.00084890
0.00098880,-0.00006419,0.00087586
0.00098890,-0.00015936,0.00087899
0.00098900,-0.00022590,0.00085755
0.00098910,-0.00021115,0.00081148
0.00098920,-0.00008857,0.00074141
0.00098930,-0.00008332,0.00064869
0.00098940,-0.00000991,0.00053531
0.00098950,0.00004153,0.00040391
0.00098960,0.00012001,0.00025769
0.00098970,0.00019382,0.00010035
0.00098980,-0.00000485,-0.00006405
0.00098990,0.00007757,-0.00023113
0.00099000,0.00003534,-0.00039638
0.00099010,0.00021163,-0.00055525
0.00099020,-0.00001358,-0.00070329
0.00099030,-0.00012008,-0.00083625
0.00099040,-0.00007827,-0.00095022
0.00099050,-0.00029860,-0.00104176
0.00099060,-0.00023814,-0.00110795
0.00099070,-0.00035775,-0.00114650
0.00099080,-0.00030200,-0.00115584
0.00099090,-0.00034852,-0.00113516
0.00099100,-0.00022193,-0.00108445
0.00099110,-0.00032107,-0.00100453
0.00099120,-0.00047706,-0.00089705
0.00099130,-0.00011332,-0.00076446
0.00099140,-0.00022852,-0.00060997
0.00099150,-0.00017830,-0.00043750
0.00099160,-0.00029141,-0.00025151
0.00099170,-0.00046210,-0.00005693
0.00099180,-0.00032006,0.00014103
0.00099190,-0.00049200,0.00033701
0.00099200,-0.00030006,0.00052569
0.00099210,-0.00039159,0.00070192
0.00099220,-0.00022105,0.00086089
0.00099230,-0.00032479,0.00099826
0.00099240,-0.00013759,0.00111027
0.00099250,-0.00022603,0.00119387
0.00099260,-0.00037193,0.00124674
0.00099270,-0.00011099,0.00126739
0.00099280,-0.00036481,0.00125520
0.00099290,-0.00027319,0.00121041
0.00099300,-0.00020652,0.00113418
0.00099310,-0.00011485,0.00102853
0.00099320,0.00012105,0.00089630
0.00099330,0.00011384,0.00074110
0.00099340,0.00003448,0.00056720
0.00099350,-0.00003175,0.00037940
0.00099360,-0.00017787,0.00018288
0.00099370,-0.00036455,-0.00001692
0.00099380,-0.00032340,-0.00021449
0.00099390,-0.00018465,-0.00040443
0.00099400,-0.00011549,-0.00058157
0.00099410,0.00005617,-0.00074117
0.00099420,0.00011737,-0.00087904
0.00099430,0.00017590,-0.00099165
0.00099440,0.00011328,-0.00107624
0.00099450,0.00007873,-0.00113087
0.00099460,0.00000283,-0.00115447
0.00099470,0.00003791,-0.00114685
0.00099480,0.00001466,-0.00110866
0.00099490,-0.00013762,-0.00104145
0.00099500,-0.00026067,-0.00094752
0.00099510,-0.00022053,-0.00082993
0.00099520,-0.00001824,-0.00069236
0.00099530,-0.00009449,-0.00053904
0.00099540,-0.00010225,-0.00037460
0.00099550,-0.00020375,-0.00020394
0.00099560,-0.00027257,-0.00003207
0.00099570,-0.00045077,0.00013604
0.00099580,-0.00056886,0.00029564
0.00099590,-0.00022380,0.00044228
0.00099600,-0.00017638,0.00057204
0.00099610,-0.00027891,0.00068159
0.00099620,-0.00038111,0.00076827
0.00099630,-0.00036792,0.00083022
0.00099640,-0.00037245,0.00086637
0.00099650,-0.00030772,0.00087643
0.00099660,-0.00052818,0.00086093
0.00099670,-0.00044412,0.00082114
0.00099680,-0.00030149,0.00075905
0.00099690,-0.00010907,0.00067727
0.00099700,-0.00007184,0.00057895
0.00099710,-0.00012554,0.00046767
0.00099720,-0.00018061,0.00034732
0.00099730,-0.00030392,0.00022195
0.00099740,-0.00001714,0.00009563
0.00099750,-0.00008501,-0.00002764
0.00099760,-0.00003365,-0.00014413
0.00099770,-0.00001781,-0.00025044
0.00099780,0.00014660,-0.00034365
0.00099790,0.00016982,-0.00042138
0.00099800,-0.00001131,-0.00048184
0.00099810,0.00006115,-0.00052389
0.00099820,-0.00016360,-0.00054704
0.00099830,-0.00002156,-0.00055141
0.00099840,-0.00009695,-0.00053774
0.00099850,-0.00001727,-0.00050730
0.00099860,0.00001772,-0.00046188
0.00099870,-0.00022774,-0.00040367
0.00099880,-0.00012148,-0.00033522
0.00099890,-0.00011003,-0.00025935
0.00099900,-0.00013389,-0.00017902
0.00099910,-0.00017553,-0.00009725
0.00099920,-0.00035168,-0.00001701
0.00099930,-0.00043173,0.00005892
0.00099940,-0.00033871,0.00012800
0.00099950,-0.00019921,0.00018806
0.00099960,-0.00031543,0.00023734
0.00099970,-0.00057486,0.00027455
0.00099980,-0.00041901,0.00029890
0.00099990,-0.00035475,0.00031009
0.00100000,-0.00056083,0.00030834
0.00100010,-0.00063413,0.00029433
0.00100020,-0.00050463,0.00026918
0.00100030,-0.00038526,0.00023440
0.00100040,-0.00034119,0.00019181
0.00100050,-0.00041470,0.00014349
0.00100060,-0.00032049,0.00009166
0.00100070,-0.00026394,0.00003862
0.00100080,-0.00030940,-0.00001335
0.00100090,-0.00013019,-0.00006206
0.00100100,-0.00006177,-0.00010556
0.00100110,0.00001968,-0.00014212
0.00100120,-0.00010341,-0.00017041
0.00100130,-0.00006489,-0.00018948
0.00100140,0.00026252,-0.00019881
0.00100150,-0.00000974,-0.00019834
0.00100160,0.00020225,-0.00018845
0.00100170,0.00012688,-0.00016991
0.00100180,-0.00002271,-0.00014384
0.00100190,0.00015867,-0.00011167
0.00100200,-0.00002079,-0.00007503
0.00100210,0.00009589,-0.00003569
0.00100220,-0.00006594,0.00000452
0.00100230,0.00000541,0.00004375
0.00100240,-0.00004899,0.00008027
0.00100250,-0.00026682,0.00011247
0.00100260,-0.00015254,0.00013895
0.00100270,-0.00024785,0.00015858
0.00100280,-0.00015361,0.00017051
0.00100290,-0.00031078,0.00017426
0.00100300,-0.00043995,0.00016968
0.00100310,-0.00049061,0.00015699
0.00100320,-0.00054952,0.00013675
0.00100330,-0.00053262,0.00010985
0.00100340,-0.00050300,0.00007747
0.00100350,-0.00049838,0.00004101
0.00100360,-0.00046404,0.00000209
0.00100370,-0.00061536,-0.00003757
0.00100380,-0.00072212,-0.00007619
0.00100390,-0.00055139,-0.00011200
0.00100400,-0.00058438,-0.00014331
0.00100410,-0.00035279,-0.00016862
0.00100420,-0.00014346,-0.00018663
0.00100430,-0.00029700,-0.00019632
0.00100440,-0.00007584,-0.00019702
0.00100450,-0.00003445,-0.00018841
0.00100460,0.00002026,-0.00017060
0.00100470,0.00014599,-0.00014409
0.00100480,0.00013474,-0.00010980
0.00100490,0.00031988,-0.00006901
0.00100500,0.00033953,-0.00002329
0.00100510,0.00048268,0.00002551
0.00100520,0.00034173,0.00007542
0.00100530,0.00028864,0.00012436
0.00100540,0.00039105,0.00017030
0.00100550,0.00044061,0.00021126
0.00100560,0.00050229,0.00024543
0.00100570,0.00026602,0.00027126
0.00100580,0.00010705,0.00028743
0.00100590,-0.00008557,0.00029301
0.00100600,-0.00005903,0.00028742
0.00100610,-0.00016377,0.00027049
0.00100620,-0.00036444,0.00024252
0.00100630,-0.00035224,0.00020421
0.00100640,-0.00054726,0.00015671
0.00100650,-0.00058995,0.00010154
0.00100660,-0.00070076,0.00004054
0.00100670,-0.00067334,-0.00002419
0.00100680,-0.00069257,-0.00009044
0.00100690,-0.00073412,-0.00015590
0.00100700,-0.00057568,-0.00021831
0.00100710,-0.00069928,-0.00027551
0.00100720,-0.00067852,-0.00032551
0.00100730,-0.00042743,-0.00036656
0.00100740,-0.00043861,-0.00039723
0.00100750,-0.00037903,-0.00041640
0.00100760,-0.00022993,-0.00042331
0.00100770,-0.00007133,-0.00041759
0.00100780,0.00006612,-0.00039926
0.00100790,0.00021097,-0.00036874
0.00100800,0.00033076,-0.00032681
0.00100810,0.00025303,-0.00027465
0.00100820,0.00048772,-0.00021377
0.00100830,0.00031605,-0.00014595
0.00100840,0.00056633,-0.00007321
0.00100850,0.00057723,0.00000233
0.00100860,0.00065470,0.00007844
0.00100870,0.00085562,0.00015295
0.00100880,0.00070022,0.00022379
0.00100890,0.00082741,0.00028905
0.00100900,0.00059200,0.00034708
0.00100910,0.00057479,0.00039649
0.00100920,0.00044973,0.00043620
0.00100930,0.00018054,0.00046543
0.00100940,0.00019943,0.00048372
0.00100950,0.00013119,0.00049088
0.00100960,-0.00019161,0.00048698
0.00100970,-0.00044918,0.00047233
0.00100980,-0.00063046,0.00044743
0.00100990,-0.00081079,0.00041300
0.00101000,-0.00093933,0.00036989
0.00101010,-0.00110318,0.00031911
0.00101020,-0.00113918,0.00026180
0.00101030,-0.00124570,0.00019920
0.00101040,-0.00130164,0.00013264
0.00101050,-0.00141259,0.00006346
0.00101060,-0.00136595,-0.00000699
0.00101070,-0.00140184,-0.00007740
0.00101080,-0.00107275,-0.00014654
0.00101090,-0.00092365,-0.00021324
0.00101100,-0.00095432,-0.00027646
0.00101110,-0.00072329,-0.00033523
0.00101120,-0.00051552,-0.00038870
0.00101130,-0.00044245,-0.00043608
0.00101140,-0.00024036,-0.00047669
0.00101150,0.00011645,-0.00050988
0.00101160,0.00035364,-0.00053507
0.00101170,0.00045868,-0.00055173
0.00101180,0.00066746,-0.00055938
0.00101190,0.00074651,-0.00055760
0.00101200,0.00102305,-0.00054604
0.00101210,0.00108278,-0.00052446
0.00101220,0.00105195,-0.00049275
0.00101230,0.00106821,-0.00045094
0.00101240,0.00093310,-0.00039922
0.00101250,0.00072704,-0.00033794
0.00101260,0.00073869,-0.00026768
0.00101270,0.00059068,-0.00018917
0.00101280,0.00074892,-0.00010338
0.00101290,0.00065498,-0.00001148
0.00101300,0.00039436,0.00008511
0.00101310,0.00009163,0.00018474
0.00101320,-0.00019908,0.00028553
0.00101330,-0.00028585,0.00038539
0.00101340,-0.00048572,0.00048208
0.00101350,-0.00073710,0.00057320
0.00101360,-0.00071858,0.00065633
0.00101370,-0.00078686,0.00072901
0.00101380,-0.00086771,0.00078888
0.00101390,-0.00106209,0.00083373
0.00101400,-0.00108186,0.00086159
0.00101410,-0.00115701,0.00087077
0.00101420,-0.00115115,0.00086003
0.00101430,-0.00114154,0.00082855
0.00101440,-0.00096406,0.00077605
0.00101450,-0.00082304,0.00070280
0.00101460,-0.00079956,0.00060965
0.00101470,-0.00083542,0.00049803
0.00101480,-0.00047933,0.00036998
0.00101490,-0.00031541,0.00022807
0.00101500,-0.00008238,0.00007541
0.00101510,0.00003443,-0.00008444
0.00101520,0.00002168,-0.00024754
0.00101530,0.00029395,-0.00040967
0.00101540,0.00035492,-0.00056646
0.00101550,0.00052837,-0.00071352
0.00101560,0.00060833,-0.00084656
0.00101570,0.00066288,-0.00096156
0.00101580,0.00070887,-0.00105486
0.00101590,0.00078547,-0.00112334
0.00101600,0.00083144,-0.00116449
0.00101610,0.00079253,-0.00117654
0.00101620,0.00078827,-0.00115849
0.00101630,0.00076905,-0.00111021
0.00101640,0.00068567,-0.00103243
0.00101650,0.00052173,-0.00092674
0.00101660,0.00039672,-0.00079555
0.00101670,0.00020698,-0.00064207
0.00101680,-0.00011508,-0.00047018
0.00101690,-0.00019338,-0.00028437
0.00101700,-0.00040308,-0.00008961
0.00101710,-0.00044477,0.00010884
0.00101720,-0.00036831,0.00030552
0.00101730,-0.00084101,0.00049498
0.00101740,-0.00095250,0.00067194
0.00101750,-0.00081096,0.00083146
0.00101760,-0.00099104,0.00096908
0.00101770,-0.00088698,0.00108098
0.00101780,-0.00090085,0.00116409
0.00101790,-0.00089554,0.00121616
0.00101800,-0.00076270,0.00123588
0.00101810,-0.00086879,0.00122286
0.00101820,-0.00058609,0.00117766
0.00101830,-0.00050426,0.00110177
0.00101840,-0.00038043,0.00099756
0.00101850,-0.00019966,0.00086819
0.00101860,-0.00033543,0.00071751
0.00101870,-0.00014109,0.00054992
0.00101880,-0.00000636,0.00037029
0.00101890,0.00023014,0.00018371
0.00101900,0.00028505,-0.00000454
0.00101910,0.00033208,-0.00018925
0.00101920,0.00062461,-0.00036533
0.00101930,0.00048026,-0.00052804
0.00101940,0.00083046,-0.00067305
0.00101950,0.00081542,-0.00079662
0.00101960,0.00064114,-0.00089569
0.00101970,0.00063064,-0.00096796
0.00101980,0.00039777,-0.00101195
0.00101990,0.00035767,-0.00102709
0.00102000,0.00020075,-0.00101366
0.00102010,0.00041714,-0.00097282
0.00102020,0.00039972,-0.00090655
0.00102030,0.00025525,-0.00081758
0.00102040,0.00037835,-0.00070924
0.00102050,0.00011816,-0.00058541
0.00102060,-0.00000743,-0.00045030
0.00102070,-0.00023693,-0.00030834
0.00102080,-0.00036719,-0.00016405
0.00102090,-0.00035164,-0.00002188
0.00102100,-0.00052029,0.00011392
0.00102110,-0.00048998,0.00023945
0.00102120,-0.00061563,0.00035122
0.00102130,-0.00068547,0.00044633
0.00102140,-0.00073865,0.00052250
0.00102150,-0.00071791,0.00057820
0.00102160,-0.00074749,0.00061265
0.00102170,-0.00084989,0.00062586
0.00102180,-0.00070286,0.00061860
0.00102190,-0.00074060,0.00059239
0.00102200,-0.00054468,0.00054936
0.00102210,-0.00062545,0.00049218
0.00102220,-0.00046562,0.00042394
0.00102230,-0.00024533,0.00034797
0.00102240,0.00001348,0.00026772
0.00102250,0.00013316,0.00018663
0.00102260,-0.00000896,0.00010796
0.00102270,-0.00010961,0.00003474
0.00102280,-0.00002274,-0.00003039
0.00102290,-0.00008533,-0.00008523
0.00102300,0.00017691,-0.00012809
0.00102310,0.00020372,-0.00015786
0.00102320,0.00021085,-0.00017404
0.00102330,0.00032575,-0.00017675
0.00102340,0.00016749,-0.00016673
0.00102350,0.00027413,-0.00014531
0.00102360,0.00014514,-0.00011436
0.00102370,0.00031118,-0.00007621
0.00102380,0.00036707,-0.00003352
0.00102390,0.00030512,0.00001078
0.00102400,0.00031949,0.00005370
0.00102410,0.00000838,0.00009229
0.00102420,0.00010884,0.00012383
0.00102430,0.00005185,0.00014590
0.00102440,0.00005989,0.00015655
0.00102450,-0.00001111,0.00015438
0.00102460,-0.00009575,0.00013858
0.00102470,-0.00029372,0.00010901
0.00102480,-0.00041502,0.00006615
0.00102490,-0.00033685,0.00001116
0.00102500,-0.00050232,-0.00005422
0.00102510,-0.00057607,-0.00012771
0.00102520,-0.00043822,-0.00020654
0.00102530,-0.00040589,-0.00028756
0.00102540,-0.00055368,-0.00036736
0.00102550,-0.00049048,-0.00044236
0.00102560,-0.00045657,-0.00050896
0.00102570,-0.00063666,-0.00056367
0.00102580,-0.00048899,-0.00060328
0.00102590,-0.00061362,-0.00062496
0.00102600,-0.00049903,-0.00062642
0.00102610,-0.00062551,-0.00060603
0.00102620,-0.00052908,-0.00056294
0.00102630,-0.00031862,-0.00049712
0.00102640,-0.00034386,-0.00040944
0.00102650,-0.00020471,-0.00030162
0.00102660,-0.00034253,-0.00017625
0.00102670,-0.00024021,-0.00003667
0.00102680,-0.00023156,0.00011314
0.00102690,-0.00014602,0.00026863
0.00102700,0.00007597,0.00042493
0.00102710,0.00046766,0.00057692
0.00102720,0.00018870,0.00071943
0.00102730,0.00014424,0.00084741
0.00102740,0.00013901,0.00095608
0.00102750,0.00000571,0.00104107
0.00102760,0.00017733,0.00109864
0.00102770,0.00010594,0.00112578
0.00102780,0.00005853,0.00112035
0.00102790,0.00000277,0.00108122
0.00102800,0.00006796,0.00100835
0.00102810,0.00014474,0.00090279
0.00102820,0.00008823,0.00076670
0.00102830,-0.00016015,0.00060333
0.00102840,-0.00032268,0.00041688
0.00102850,-0.00031945,0.00021240
0.00102860,-0.00038459,-0.00000435
0.00102870,-0.00039936,-0.00022710
0.00102880,-0.00038661,-0.00044926
0.00102890,-0.00042084,-0.00066411
0.00102900,-0.00061185,-0.00086503
0.00102910,-0.00031127,-0.00104569
0.00102920,-0.00039273,-0.00120026
0.00102930,-0.00047807,-0.00132360
0.00102940,-0.00049746,-0.00141142
0.00102950,-0.00042780,-0.00146044
0.00102960,-0.00035592,-0.00146851
0.00102970,-0.00043161,-0.00143470
0.00102980,-0.00021928,-0.00135938
0.00102990,-0.00034022,-0.00124417
0.00103000,-0.00015998,-0.00109199
0.00103010,-0.00015617,-0.00090691
0.00103020,-0.00026129,-0.00069405
0.00103030,-0.00017452,-0.00045943
0.00103040,0.00002438,-0.00020978
0.00103050,0.00008161,0.00004765
0.00103060,0.00007172,0.00030537
0.00103070,0.00009326,0.00055581
0.00103080,-0.00016850,0.00079163
0.00103090,-0.00017590,0.00100585
0.00103100,-0.00025870,0.00119215
0.00103110,-0.00021181,0.00134502
0.00103120,-0.00007232,0.00145997
0.00103130,-0.00012214,0.00153360
0.00103140,-0.00013681,0.00156378
0.00103150,-0.00016813,0.00154969
0.00103160,-0.00008529,0.00149180
0.00103170,-0.00025033,0.00139194
0.00103180,-0.00031333,0.00125316
0.00103190,-0.00030183,0.00107972
0.00103200,-0.00031446,0.00087689
0.00103210,-0.00039872,0.00065083
0.00103220,-0.00046352,0.00040835
0.00103230,-0.00050962,0.00015671
0.00103240,-0.00056536,-0.00009662
0.00103250,-0.00045636,-0.00034422
0.00103260,-0.00063243,-0.00057890
0.00103270,-0.00017879,-0.00079396
0.00103280,-0.00014113,-0.00098332
0.00103290,-0.00022306,-0.00114179
0.00103300,-0.00019668,-0.00126512
0.00103310,-0.00022678,-0.00135022
0.00103320,-0.00025349,-0.00139514
0.00103330,-0.00026518,-0.00139922
0.00103340,-0.00002802,-0.00136304
0.00103350,0.00005593,-0.00128840
0.00103360,0.00030167,-0.00117823
0.00103370,0.00001685,-0.00103651
0.00103380,0.00000139,-0.00086808
0.00103390,0.00010357,-0.00067851
0.00103400,0.00018453,-0.00047389
0.00103410,0.00022600,-0.00026067
0.00103420,0.00006216,-0.00004542
0.00103430,0.00008190,0.00016534
0.00103440,-0.00011092,0.00036535
0.00103450,0.00000122,0.00054882
0.00103460,-0.00024810,0.00071059
0.00103470,-0.00028175,0.00084628
0.00103480,-0.00023380,0.00095243
0.00103490,-0.00040715,0.00102659
0.00103500,-0.00050315,0.00106736
0.00103510,-0.00053472,0.00107444
0.00103520,-0.00045184,0.00104857
0.00103530,-0.00054831,0.00099150
0.00103540,-0.00047561,0.00090589
0.00103550,-0.00069071,0.00079519
0.00103560,-0.00072264,0.00066353
0.00103570,-0.00074392,0.00051558
0.00103580,-0.00074156,0.00035641
0.00103590,-0.00053180,0.00019133
0.00103600,-0.00050067,0.00002575
0.00103610,-0.00038077,-0.00013501
0.00103620,-0.00040793,-0.00028585
0.00103630,-0.00012731,-0.00042208
0.00103640,-0.00002692,-0.00053958
0.00103650,0.00015904,-0.00063491
0.00103660,0.00037315,-0.00070545
0.00103670,0.00030419,-0.00074948
0.00103680,0.00034640,-0.00076620
0.00103690,0.00037220,-0.00075573
0.00103700,0.00042305,-0.00071913
0.00103710,0.00057920,-0.00065828
0.00103720,0.00058574,-0.00057585
0.00103730,0.00062067,-0.00047517
0.00103740,0.00059560,-0.00036012
0.00103750,0.00040249,-0.00023497
0.00103760,0.00044605,-0.00010427
0.00103770,0.00041627,0.00002729
0.00103780,0.00046247,0.00015510
0.00103790,0.00019980,0.00027472
0.00103800,0.00009173,0.00038210
0.00103810,0.00001583,0.00047365
0.00103820,-0.00025524,0.00054643
0.00103830,-0.00035821,0.00059818
0.00103840,-0.00046025,0.00062745
0.00103850,-0.00045547,0.00063359
0.00103860,-0.00079013,0.00061678
0.00103870,-0.00082097,0.00057797
0.00103880,-0.00102505,0.00051887
0.00103890,-0.00105149,0.00044181
0.00103900,-0.00094917,0.00034968
0.00103910,-0.00115447,0.00024580
0.00103920,-0.00119839,0.00013381
0.00103930,-0.00105538,0.00001754
0.00103940,-0.00086655,-0.00009911
0.00103950,-0.00065905,-0.00021231
0.00103960,-0.00062822,-0.00031839
0.00103970,-0.00053675,-0.00041395
0.00103980,-0.00042792,-0.00049602
0.00103990,-0.00050040,-0.00056210
0.00104000,0.00003662,-0.00061026
0.00104010,-0.00003410,-0.00063922
0.00104020,0.00027987,-0.00064835
0.00104030,0.00054562,-0.00063770
0.00104040,0.00057588,-0.00060796
0.00104050,0.00090949,-0.00056045
0.00104060,0.00075574,-0.00049701
0.00104070,0.00067754,-0.00041991
0.00104080,0.00079112,-0.00033177
0.00104090,0.00084605,-0.00023539
0.00104100,0.00088549,-0.00013370
0.00104110,0.00093512,-0.00002964
0.00104120,0.00080349,0.00007394
0.00104130,0.00087322,0.00017435
0.00104140,0.00069301,0.00026907
0.00104150,0.00038782,0.00035586
0.00104160,0.00032688,0.00043276
0.00104170,0.00010782,0.00049814
0.00104180,-0.00003416,0.00055067
0.00104190,-0.00026716,0.00058944
0.00104200,-0.00065204,0.00061388
0.00104210,-0.00067345,0.00062379
0.00104220,-0.00094158,0.00061937
0.00104230,-0.00115616,0.00060115
0.00104240,-0.00102991,0.00056997
0.00104250,-0.00132019,0.00052691
0.00104260,-0.00125372,0.00047328
0.00104270,-0.00122406,0.00041049
0.00104280,-0.00130258,0.00034007
0.00104290,-0.00138279,0.00026358
0.00104300,-0.00135567,0.00018259
0.00104310,-0.00129484,0.00009868
0.00104320,-0.00137013,0.00001340
0.00104330,-0.00084749,-0.00007171
0.00104340,-0.00063661,-0.00015517
0.00104350,-0.00036777,-0.00023555
0.00104360,-0.00027439,-0.00031150
0.00104370,-0.00011034,-0.00038172
0.00104380,0.00008400,-0.00044503
0.00104390,0.00004751,-0.00050032
0.00104400,0.00040915,-0.00054660
0.00104410,0.00060052,-0.00058298
0.00104420,0.00095611,-0.00060869
0.00104430,0.00096271,-0.00062309
0.00104440,0.00100955,-0.00062567
0.00104450,0.00113421,-0.00061608
0.00104460,0.00098884,-0.00059413
0.00104470,0.00106150,-0.00055981
0.00104480,0.00095417,-0.00051333
0.00104490,0.00087247,-0.00045510
0.00104500,0.00057562,-0.00038577
0.00104510,0.00043005,-0.00030627
0.00104520,0.00041585,-0.00021775
0.00104530,0.00010319,-0.00012170
0.00104540,0.00019809,-0.00001980
0.00104550,0.00006965,0.00008596
0.00104560,-0.00019815,0.00019340
0.00104570,-0.00042946,0.00030014
0.00104580,-0.00065392,0.00040362
0.00104590,-0.00059418,0.00050119
0.00104600,-0.00069506,0.00059013
0.00104610,-0.00103751,0.00066776
0.00104620,-0.00109449,0.00073147
0.00104630,-0.00123753,0.00077886
0.00104640,-0.00127752,0.00080778
0.00104650,-0.00141558,0.00081649
0.00104660,-0.00131035,0.00080371
0.00104670,-0.00109386,0.00076873
0.00104680,-0.00100576,0.00071148
0.00104690,-0.00092428,0.00063254
0.00104700,-0.00097417,0.00053321
0.00104710,-0.00081364,0.00041551
0.00104720,-0.00099246,0.00028212
0.00104730,-0.00062513,0.00013638
0.00104740,-0.00030739,-0.00001786
0.00104750,-0.00012239,-0.00017626
0.00104760,0.00001340,-0.00033418
0.00104770,0.00005732,-0.00048682
0.00104780,0.00004730,-0.00062932
0.00104790,0.00017920,-0.00075699
0.00104800,0.00027266,-0.00086541
0.00104810,0.00040650,-0.00095062
0.00104820,0.00067993,-0.00100926
0.00104830,0.00067994,-0.00103872
0.00104840,0.00092480,-0.00103722
0.00104850,0.00076997,-0.00100393
0.00104860,0.00071710,-0.00093901
0.00104870,0.00061400,-0.00084366
0.00104880,0.00047044,-0.00072006
0.00104890,0.00051257,-0.00057134
0.00104900,0.00043358,-0.00040153
0.00104910,0.00045118,-0.00021541
0.00104920,0.00016778,-0.00001842
0.00104930,0.00018540,0.00018352
0.00104940,-0.00016523,0.00038415
0.00104950,-0.00019973,0.00057714
0.00104960,-0.00023178,0.00075622
0.00104970,-0.00032467,0.00091545
0.00104980,-0.00058230,0.00104939
0.00104990,-0.00061570,0.00115332
0.00105000,-0.00089423,0.00122338
0.00105010,-0.00099866,0.00125676
0.00105020,-0.00096035,0.00125174
0.00105030,-0.00103105,0.00120785
0.00105040,-0.00088610,0.00112582
0.00105050,-0.00081364,0.00100762
0.00105060,-0.00084389,0.00085636
0.00105070,-0.00065567,0.00067623
0.00105080,-0.00050450,0.00047237
0.00105090,-0.00053899,0.00025072
0.00105100,-0.00041263,0.00001786
0.00105110,-0.00044385,-0.00021920
0.00105120,-0.00029782,-0.00045318
0.00105130,-0.00029928,-0.00067681
0.00105140,-0.00032063,-0.00088302
0.00105150,0.00005339,-0.00106520
0.00105160,-0.00007169,-0.00121741
0.00105170,0.00003704,-0.00133460
0.00105180,0.00003689,-0.00141281
0.00105190,-0.00010767,-0.00144925
0.00105200,0.00017282,-0.00144245
0.00105210,0.00010359,-0.00139228
0.00105220,-0.00001970,-0.00129996
0.00105230,0.00012210,-0.00116801
0.00105240,0.00004843,-0.00100017
0.00105250,0.00012188,-0.00080130
0.00105260,0.00017388,-0.00057723
0.00105270,0.00011133,-0.00033458
0.00105280,0.00010873,-0.00008056
0.00105290,-0.00003118,0.00017724
0.00105300,-0.00006117,0.00043108
0.00105310,-0.00014693,0.00067332
0.00105320,-0.00008888,0.00089665
0.00105330,-0.00011242,0.00109432
0.00105340,-0.00027568,0.00126034
0.00105350,-0.00036865,0.00138970
0.00105360,-0.00056150,0.00147851
0.00105370,-0.00056236,0.00152417
0.00105380,-0.00073529,0.00152541
0.00105390,-0.00042554,0.00148232
0.00105400,-0.00043920,0.00139640
0.00105410,-0.00046073,0.00127043
0.00105420,-0.00036711,0.00110840
0.00105430,-0.00046265,0.00091537
0.00105440,-0.00048316,0.00069727
0.00105450,-0.00040143,0.00046076
0.00105460,-0.00034703,0.00021297
0.00105470,-0.00027220,-0.00003870
0.00105480,-0.00028410,-0.00028682
0.00105490,-0.00044693,-0.00052412
0.00105500,-0.00032899,-0.00074374
0.00105510,-0.00021388,-0.00093943
0.00105520,0.00007401,-0.00110571
0.00105530,0.00010057,-0.00123807
0.00105540,-0.00003055,-0.00133307
0.00105550,0.00017183,-0.00138849
0.00105560,-0.00006318,-0.00140335
0.00105570,-0.00003551,-0.00137796
0.00105580,0.00007146,-0.00131386
0.00105590,0.00010849,-0.00121376
0.00105600,0.00015998,-0.00108140
0.00105610,0.00015948,-0.00092143
0.00105620,0.00026385,-0.00073922
0.00105630,0.00031006,-0.00054067
0.00105640,0.00028806,-0.00033202
0.00105650,0.00004354,-0.00011964
0.00105660,-0.00016865,0.00009014
0.00105670,-0.00032025,0.00029123
0.00105680,-0.00017374,0.00047797
0.00105690,-0.00017705,0.00064524
0.00105700,-0.00028705,0.00078867
0.00105710,-0.00044701,0.00090466
0.00105720,-0.00025632,0.00099059
0.00105730,-0.00037180,0.00104481
0.00105740,-0.00042650,0.00106674
0.00105750,-0.00060275,0.00105685
0.00105760,-0.00064177,0.00101663
0.00105770,-0.00079251,0.00094850
0.00105780,-0.00069150,0.00085570
0.00105790,-0.00056658,0.00074214
0.00105800,-0.00067094,0.00061224
0.00105810,-0.00067572,0.00047074
0.00105820,-0.00063615,0.00032253
0.00105830,-0.00068068,0.00017249
0.00105840,-0.00062666,0.00002533
0.00105850,-0.00040808,-0.00011456
0.00105860,-0.00048754,-0.00024321
0.00105870,-0.00034902,-0.00035719
0.00105880,-0.00016898,-0.00045370
0.00105890,-0.00009959,-0.00053058
0.00105900,0.00002911,-0.00058642
0.00105910,0.00003371,-0.00062052
0.00105920,0.00000557,-0.00063292
0.00105930,-0.00000747,-0.00062441
0.00105940,0.00031006,-0.00059643
0.00105950,0.00027684,-0.00055102
0.00105960,0.00023854,-0.00049075
0.00105970,0.00047353,-0.00041856
0.00105980,0.00057202,-0.00033767
0.00105990,0.00049885,-0.00025146
0.00106000,0.00043029,-0.00016331
0.00106010,0.00035936,-0.00007648
0.00106020,0.00044320,0.00000597
0.00106030,0.00027703,0.00008131
0.00106040,0.00024214,0.00014723
0.00106050,0.00013301,0.00020190
0.00106060,-0.00013971,0.00024400
0.00106070,-0.00015057,0.00027280
0.00106080,-0.00021027,0.00028809
0.00106090,-0.00028693,0.00029023
0.00106100,-0.00042117,0.00028007
0.00106110,-0.00033186,0.00025892
0.00106120,-0.00057502,0.00022844
0.00106130,-0.00062355,0.00019060
0.00106140,-0.00065672,0.00014759
0.00106150,-0.00067319,0.00010167
0.00106160,-0.00071505,0.00005510
0.00106170,-0.00067041,0.00001008
0.00106180,-0.00057972,-0.00003145
0.00106190,-0.00056165,-0.00006777
0.00106200,-0.00040178,-0.00009754
0.00106210,-0.00049615,-0.00011978
0.00106220,-0.00036423,-0.00013395
0.00106230,-0.00039639,-0.00013990
0.00106240,-0.00036222,-0.00013790
0.00106250,-0.00034273,-0.00012859
0.00106260,-0.00015293,-0.00011296
0.00106270,-0.00019541,-0.00009228
0.00106280,-0.00029801,-0.00006803
0.00106290,-0.00024476,-0.00004184
0.00106300,-0.00020112,-0.00001537
0.00106310,-0.00004982,0.00000976
0.00106320,0.00001306,0.00003207
0.00106330,0.00027568,0.00005033
0.00106340,0.00025905,0.00006356
0.00106350,0.00046299,0.00007112
0.00106360,0.00035401,0.00007271
0.00106370,0.00028398,0.00006841
0.00106380,0.00020801,0.00005862
0.00106390,0.00005921,0.00004408
0.00106400,0.00004958,0.00002581
0.00106410,-0.00002110,0.00000509
0.00106420,-0.00000403,-0.00001665
0.00106430,-0.00015223,-0.00003785
0.00106440,-0.00007222,-0.00005695
0.00106450,-0.00012354,-0.00007243
0.00106460,-0.00024105,-0.00008292
0.00106470,-0.00013185,-0.00008724
0.00106480,-0.00021794,-0.00008455
0.00106490,-0.00030537,-0.00007432
0.00106500,-0.00020731,-0.00005645
0.00106510,-0.00026273,-0.00003127
0.00106520,-0.00029790,0.00000045
0.00106530,-0.00040073,0.00003756
0.00106540,-0.00041331,0.00007856
0.00106550,-0.00057736,0.00012164
0.00106560,-0.00045855,0.00016484
0.00106570,-0.00040569,0.00020604
0.00106580,-0.00024482,0.00024315
0.00106590,-0.00026611,0.00027410
0.00106600,-0.00032280,0.00029699
0.00106610,-0.00018009,0.00031016
0.00106620,-0.00023329,0.00031224
0.00106630,-0.00009773,0.00030223
0.00106640,-0.00016106,0.00027957
0.00106650,-0.00022912,0.00024417
0.00106660,-0.00011669,0.00019644
0.00106670,-0.00004104,0.00013732
0.00106680,-0.00004605,0.00006824
0.00106690,0.00022695,-0.00000890
0.00106700,0.00004680,-0.00009176
0.00106710,-0.00001975,-0.00017766
0.00106720,-0.00011090,-0.00026368
0.00106730,-0.00004126,-0.00034678
0.00106740,0.00027226,-0.00042388
0.00106750,0.00024128,-0.00049202
0.00106760,0.00003501,-0.00054845
0.00106770,-0.00000586,-0.00059072
0.00106780,0.00009703,-0.00061681
0.00106790,-0.00006122,-0.00062515
0.00106800,0.00007344,-0.00061470
0.00106810,0.00004131,-0.00058499
0.00106820,0.00002306,-0.00053616
0.00106830,-0.00013932,-0.00046896
0.00106840,-0.00024087,-0.00038476
0.00106850,-0.00016154,-0.00028552
0.00106860,-0.00013486,-0.00017378
0.00106870,-0.00005983,-0.00005256
0.00106880,-0.00010995,0.00007468
0.00106890,-0.00015445,0.00020416
0.00106900,-0.00017575,0.00033190
0.00106910,-0.00023671,0.00045387
0.00106920,-0.00029784,0.00056606
0.00106930,-0.00023647,0.00066470
0.00106940,-0.00012288,0.00074634
0.00106950,-0.00028306,0.00080801
0.00106960,-0.00034577,0.00084732
0.00106970,-0.00062719,0.00086255
0.00106980,-0.00055597,0.00085272
0.00106990,-0.00038244,0.00081766
0.00107000,-0.00038715,0.00075803
0.00107010,-0.00030442,0.00067526
0.00107020,-0.00038732,0.00057159
0.00107030,-0.00032760,0.00044992
0.00107040,-0.00019327,0.00031378
0.00107050,-0.00020428,0.00016717
0.00107060,-0.00038462,0.00001448
0.00107070,-0.00036211,-0.00013966
0.00107080,-0.00018541,-0.00029055
0.00107090,-0.00013488,-0.00043351
0.00107100,0.00009895,-0.00056410
0.00107110,0.00018030,-0.00067822
0.00107120,-0.00000604,-0.00077230
0.00107130,-0.00016690,-0.00084341
0.00107140,-0.00001596,-0.00088935
0.00107150,0.00008593,-0.00090879
0.00107160,0.00014293,-0.00090125
0.00107170,0.00008669,-0.00086713
0.00107180,-0.00011268,-0.00080766
0.00107190,0.00006839,-0.00072491
0.00107200,0.00013256,-0.00062161
0.00107210,0.00009194,-0.00050115
0.00107220,0.00004045,-0.00036743
0.00107230,-0.00003892,-0.00022470
0.00107240,-0.00015167,-0.00007746
0.00107250,-0.00008835,0.00006967
0.00107260,-0.00015574,0.00021213
0.00107270,-0.00020386,0.00034557
0.00107280,0.00004734,0.00046597
0.00107290,-0.00022399,0.00056978
0.00107300,-0.00019092,0.00065405
0.00107310,-0.00021314,0.00071649
0.00107320,-0.00045677,0.00075558
0.00107330,-0.00034452,0.00077060
0.00107340,-0.00031690,0.00076160
0.00107350,-0.00031585,0.00072944
0.00107360,-0.00043279,0.00067572
0.00107370,-0.00037888,0.00060269
0.00107380,-0.00050718,0.00051320
0.00107390,-0.00042747,0.00041057
0.00107400,-0.00042200,0.00029842
0.00107410,-0.00032671,0.00018061
0.00107420,-0.00012685,0.00006109
0.00107430,-0.00030360,-0.00005628
0.00107440,-0.00021221,-0.00016779
0.00107450,-0.00043335,-0.00027001
0.00107460,-0.00025049,-0.00035993
0.00107470,-0.00019871,-0.00043499
0.00107480,-0.00022714,-0.00049321
0.00107490,-0.00005703,-0.00053321
0.00107500,-0.00020279,-0.00055429
0.00107510,-0.00013638,-0.00055641
0.00107520,-0.00013249,-0.00054022
0.00107530,-0.00005460,-0.00050702
0.00107540,-0.00003342,-0.00045866
0.00107550,0.00004836,-0.00039750
0.00107560,0.00012585,-0.00032630
0.00107570,0.00019954,-0.00024803
0.00107580,0.00016114,-0.00016583
0.00107590,0.00006809,-0.00008280
0.00107600,0.00006540,-0.00000193
0.00107610,0.00008764,0.00007403
0.00107620,0.00033933,0.00014267
0.00107630,0.00035085,0.00020196
0.00107640,0.00023253,0.00025036
0.00107650,0.00012782,0.00028679
0.00107660,-0.00016841,0.00031072
0.00107670,-0.00015790,0.00032213
0.00107680,-0.00022979,0.00032148
0.00107690,-0.00035894,0.00030972
0.00107700,-0.00042274,0.00028820
0.00107710,-0.00061045,0.00025863
0.00107720,-0.00048569,0.00022295
0.00107730,-0.00051544,0.00018328
0.00107740,-0.00037598,0.00014180
0.00107750,-0.00062635,0.00010064
0.00107760,-0.00078538,0.00006179
0.00107770,-0.00065570,0.00002698
0.00107780,-0.00079689,-0.00000236
0.00107790,-0.00076646,-0.00002519
0.00107800,-0.00046365,-0.00004089
0.00107810,-0.00052372,-0.00004930
0.00107820,-0.00042598,-0.00005067
0.00107830,-0.00042550,-0.00004569
0.00107840,-0.00040982,-0.00003537
0.00107850,-0.00035546,-0.00002107
0.00107860,-0.00031373,-0.00000433
0.00107870,-0.00028210,0.00001314
0.00107880,-0.00039597,0.00002954
0.00107890,-0.00023066,0.00004311
0.00107900,-0.00007115,0.00005219
0.00107910,0.00007031,0.00005528
0.00107920,-0.00005361,0.00005116
0.00107930,0.00002957,0.00003897
0.00107940,0.00005085,0.00001826
0.00107950,-0.00007839,-0.00001097
0.00107960,0.00005573,-0.00004818
0.00107970,-0.00003088,-0.00009236
0.00107980,0.00019736,-0.00014202
0.00107990,0.00015335,-0.00019522
0.00108000,0.00010707,-0.00024972
0.00108010,0.00000743,-0.00030298
0.00108020,0.00000528,-0.00035237
0.00108030,0.00004019,-0.00039522
0.00108040,-0.00011102,-0.00042899
0.00108050,-0.00018938,-0.00045137
0.00108060,-0.00016464,-0.00046039
0.00108070,-0.00033053,-0.00045450
0.00108080,-0.00045745,-0.00043262
0.00108090,-0.00021832,-0.00039423
0.00108100,-0.00040124,-0.00033935
0.00108110,-0.00038834,-0.00026861
0.00108120,-0.00041269,-0.00018324
0.00108130,-0.00073594,-0.00008504
0.00108140,-0.00046311,0.00002361
0.00108150,-0.00048830,0.00013980
0.00108160,-0.00037200,0.00026020
0.00108170,-0.00033816,0.00038110
0.00108180,-0.00039006,0.00049858
0.00108190,-0.00032748,0.00060861
0.00108200,-0.00023043,0.00070725
0.00108210,-0.00038261,0.00079078
0.00108220,-0.00049131,0.00085583
0.00108230,-0.00037490,0.00089956
0.00108240,-0.00027680,0.00091973
0.00108250,-0.00025303,0.00091479
0.00108260,-0.00028663,0.00088396
0.00108270,-0.00021731,0.00082725
0.00108280,-0.00014875,0.00074545
0.00108290,-0.00026448,0.00064013
0.00108300,-0.00022789,0.00051362
0.00108310,0.00000378,0.00036888
0.00108320,-0.00009887,0.00020953
0.00108330,0.00000650,0.00003967
0.00108340,-0.00013275,-0.00013617
0.00108350,-0.00000028,-0.00031318
0.00108360,-0.00001432,-0.00048640
0.00108370,-0.00003906,-0.00065085
0.00108380,-0.00003450,-0.00080172
0.00108390,-0.00019946,-0.00093448
0.00108400,-0.00020973,-0.00104509
0.00108410,-0.00031829,-0.00113008
0.00108420,-0.00015917,-0.00118672
0.00108430,-0.00026953,-0.00121310
0.00108440,-0.00008644,-0.00120816
0.00108450,-0.00000926,-0.00117180
0.00108460,-0.00030587,-0.00110481
0.00108470,-0.00016180,-0.00100888
0.00108480,-0.00034163,-0.00088651
0.00108490,-0.00021998,-0.00074099
0.00108500,-0.00019094,-0.00057623
0.00108510,-0.00029708,-0.00039672
0.00108520,-0.00021524,-0.00020732
0.00108530,-0.00022256,-0.00001322
0.00108540,-0.00019353,0.00018030
0.00108550,-0.00016466,0.00036797
0.00108560,-0.00010804,0.00054472
0.00108570,0.00000130,0.00070582
0.00108580,-0.00001902,0.00084704
0.00108590,-0.00012281,0.00096478
0.00108600,-0.00018926,0.00105617
0.00108610,-0.00029298,0.00111918
0.00108620,-0.00042597,0.00115265
0.00108630,-0.00037176,0.00115632
0.00108640,-0.00029306,0.00113078
0.00108650,-0.00016565,0.00107750
0.00108660,-0.00017187,0.00099866
0.00108670,-0.00030107,0.00089715
0.00108680,-0.00034966,0.00077641
0.00108690,-0.00028201,0.00064033
0.00108700,-0.00018915,0.00049313
0.00108710,-0.00017210,0.00033923
0.00108720,-0.00032552,0.00018309
0.00108730,-0.00034953,0.00002916
0.00108740,-0.00043069,-0.00011835
0.00108750,-0.00059935,-0.00025555
0.00108760,-0.00050434,-0.00037900
0.00108770,-0.00034481,-0.00048583
0.00108780,-0.00007197,-0.00057379
0.00108790,-0.00028206,-0.00064136
0.00108800,-0.00033101,-0.00068775
0.00108810,-0.00027005,-0.00071287
0.00108820,-0.00028313,-0.00071737
0.00108830,-0.00014465,-0.00070251
0.00108840,-0.00015268,-0.00067014
0.00108850,-0.00009629,-0.00062260
0.00108860,-0.00002067,-0.00056257
0.00108870,0.00009467,-0.00049301
0.00108880,0.00006539,-0.00041700
0.00108890,0.00000104,-0.00033769
0.00108900,-0.00007544,-0.00025813
0.00108910,0.00002840,-0.00018120
0.00108920,0.00009366,-0.00010951
0.00108930,-0.00015628,-0.00004530
0.00108940,-0.00007202,0.00000961
0.00108950,0.00002752,0.00005390
0.00108960,0.00005973,0.00008680
0.00108970,0.00007944,0.00010808
0.00108980,0.00008942,0.00011808
0.00108990,-0.00015341,0.00011768
0.00109000,-0.00026488,0.00010821
0.00109010,-0.00027101,0.00009142
0.00109020,-0.00032226,0.00006936
0.00109030,-0.00013492,0.00004428
0.00109040,-0.00022301,0.00001850
0.00109050,-0.00020944,-0.00000570
0.00109060,-0.00023514,-0.00002618
0.00109070,-0.00019659,-0.00004103
0.00109080,-0.00022326,-0.00004864
0.00109090,-0.00025905,-0.00004781
0.00109100,-0.00032761,-0.00003774
0.00109110,-0.00030855,-0.00001813
0.00109120,-0.00007168,0.00001088
0.00109130,-0.00016998,0.00004862
0.00109140,-0.00025664,0.00009396
0.00109150,-0.00025067,0.00014537
0.00109160,-0.00007624,0.00020092
0.00109170,-0.00010618,0.00025839
0.00109180,-0.00025887,0.00031536
0.00109190,-0.00023105,0.00036928
0.00109200,-0.00030215,0.00041759
0.00109210,-0.00031983,0.00045783
0.00109220,-0.00023656,0.00048772
0.00109230,-0.00011896,0.00050528
0.00109240,-0.00017486,0.00050892
0.00109250,-0.00030404,0.00049748
0.00109260,-0.00022325,0.00047035
0.00109270,-0.00000003,0.00042744
0.00109280,-0.00013346,0.00036928
0.00109290,-0.00005546,0.00029696
0.00109300,0.00008451,0.00021213
0.00109310,0.00008900,0.00011695
0.00109320,0.00007002,0.00001402
0.00109330,-0.00016310,-0.00009373
0.00109340,-0.00015083,-0.00020310
0.00109350,-0.00024561,-0.00031070
0.00109360,-0.00017663,-0.00041314
0.00109370,-0.00029926,-0.00050704
0.00109380,-0.00017648,-0.00058921
0.00109390,-0.00022921,-0.00065673
0.00109400,-0.00011556,-0.00070707
0.00109410,-0.00007812,-0.00073820
0.00109420,-0.00018847,-0.00074867
0.00109430,-0.00015619,-0.00073770
0.00109440,-0.00014878,-0.00070523
0.00109450,-0.00035590,-0.00065194
0.00109460,-0.00019741,-0.00057920
0.00109470,-0.00015272,-0.00048913
0.00109480,-0.00012812,-0.00038439
0.00109490,-0.00014356,-0.00026821
0.00109500,-0.00025218,-0.00014417
0.00109510,-0.00023806,-0.00001613
0.00109520,-0.00032726,0.00011195
0.00109530,-0.00038836,0.00023609
0.00109540,-0.00025730,0.00035247
0.00109550,-0.00005365,0.00045747
0.00109560,-0.00006490,0.00054785
0.00109570,-0.00025189,0.00062080
0.00109580,-0.00015851,0.00067405
0.00109590,-0.00032444,0.00070594
0.00109600,-0.00038346,0.00071554
0.00109610,-0.00023374,0.00070263
0.00109620,-0.00039030,0.00066775
0.00109630,-0.00045091,0.00061223
0.00109640,-0.00034235,0.00053810
0.00109650,-0.00037257,0.00044803
0.00109660,-0.00030904,0.00034523
0.00109670,-0.00026913,0.00023333
0.00109680,-0.00023212,0.00011619
0.00109690,-0.00039383,-0.00000219
0.00109700,-0.00029233,-0.00011784
0.00109710,-0.00020696,-0.00022699
0.00109720,-0.00013991,-0.00032611
0.00109730,-0.00011166,-0.00041207
0.00109740,-0.00034337,-0.00048222
0.00109750,-0.00023271,-0.00053443
0.00109760,-0.00048189,-0.00056717
0.00109770,-0.00027002,-0.00057956
0.00109780,-0.00029888,-0.00057140
0.00109790,-0.00021333,-0.00054318
0.00109800,-0.00019730,-0.00049606
0.00109810,-0.00037712,-0.00043185
0.00109820,-0.00031924,-0.00035297
0.00109830,-0.00032336,-0.00026233
0.00109840,0.00003008,-0.00016328
0.00109850,0.00019587,-0.00005945
0.00109860,0.00020423,0.00004537
0.00109870,0.00011342,0.00014741
0.00109880,0.00011318,0.00024301
0.00109890,0.00002640,0.00032879
0.00109900,0.00010883,0.00040179
0.00109910,0.00012166,0.00045954
0.00109920,0.00013864,0.00050015
0.00109930,0.00017820,0.00052239
0.00109940,0.00006386,0.00052564
0.00109950,0.00006326,0.00050997
0.00109960,-0.00001258,0.00047605
0.00109970,-0.00004881,0.00042515
0.00109980,0.00000772,0.00035905
0.00109990,-0.00009237,0.00028006
0.00110000,-0.00005145,0.00019087
0.00110010,-0.00032378,0.00009454
0.00110020,-0.00034694,-0.00000564
0.00110030,-0.00010968,-0.00010620
0.00110040,-0.00028311,-0.00020367
0.00110050,-0.00036976,-0.00029465
0.00110060,-0.00045686,-0.00037599
0.00110070,-0.00035110,-0.00044484
0.00110080,-0.00061627,-0.00049883
0.00110090,-0.00058195,-0.00053613
0.00110100,-0.00048421,-0.00055553
0.00110110,-0.00057968,-0.00055648
0.00110120,-0.00031781,-0.00053909
0.00110130,-0.00043222,-0.00050414
0.00110140,-0.00034197,-0.00045298
0.00110150,-0.00039788,-0.00038753
0.00110160,-0.00075795,-0.00031014
0.00110170,-0.00051414,-0.00022354
0.00110180,-0.00039413,-0.00013074
0.00110190,-0.00016191,-0.00003492
0.00110200,-0.00025748,0.00006068
0.00110210,-0.00025353,0.00015284
0.00110220,-0.00018425,0.00023855
0.00110230,-0.00030537,0.00031505
0.00110240,-0.00004900,0.00037997
0.00110250,-0.00002265,0.00043142
0.00110260,0.00023759,0.00046802
0.00110270,0.00008570,0.00048899
0.00110280,0.00015197,0.00049413
0.00110290,0.00018587,0.00048381
0.00110300,0.00010725,0.00045896
0.00110310,0.00011806,0.00042100
0.00110320,-0.00002824,0.00037175
0.00110330,-0.00004604,0.00031339
0.00110340,-0.00024470,0.00024833
0.00110350,-0.00011053,0.00017914
0.00110360,-0.00014028,0.00010845
0.00110370,-0.00012768,0.00003889
0.00110380,-0.00009219,-0.00002709
0.00110390,-0.00000326,-0.00008723
0.00110400,-0.00008589,-0.00013962
0.00110410,-0.00045252,-0.00018271
0.00110420,-0.00034194,-0.00021545
0.00110430,-0.00029112,-0.00023725
0.00110440,-0.00025625,-0.00024803
0.00110450,-0.00027238,-0.00024822
0.00110460,-0.00028655,-0.00023866
0.00110470,-0.00029716,-0.00022061
0.00110480,-0.00049518,-0.00019562
0.00110490,-0.00033849,-0.00016548
0.00110500,-0.00025012,-0.00013211
0.00110510,-0.00012290,-0.00009748
0.00110520,-0.00017850,-0.00006352
0.00110530,-0.00011716,-0.00003203
0.00110540,-0.00015317,-0.00000462
0.00110550,-0.00015374,0.00001739
0.00110560,-0.00026255,0.00003297
0.00110570,-0.00027783,0.00004146
0.00110580,0.00015886,0.00004257
0.00110590,0.00004914,0.00003640
0.00110600,0.00007427,0.00002344
0.00110610,0.00005977,0.00000453
0.00110620,-0.00000162,-0.00001918
0.00110630,-0.00008268,-0.00004625
0.00110640,0.00002840,-0.00007505
0.00110650,0.00026657,-0.00010384
0.00110660,0.00008508,-0.00013084
0.00110670,-0.00002692,-0.00015429
0.00110680,0.00001591,-0.00017260
0.00110690,-0.00011530,-0.00018439
0.00110700,-0.00030014,-0.00018854
0.00110710,-0.00030458,-0.00018431
0.00110720,-0.00017622,-0.00017129
0.00110730,-0.00023115,-0.00014951
0.00110740,-0.00039923,-0.00011941
0.00110750,-0.00036973,-0.00008182
0.00110760,-0.00053758,-0.00003796
0.00110770,-0.00046244,0.00001064
0.00110780,-0.00047774,0.00006216
0.00110790,-0.00053641,0.00011461
0.00110800,-0.00049602,0.00016589
0.00110810,-0.00038952,0.00021391
0.00110820,-0.00025176,0.00025663
0.00110830,-0.00028838,0.00029221
0.00110840,-0.00035028,0.00031905
0.00110850,-0.00020930,0.00033586
0.00110860,0.00009861,0.00034174
0.00110870,-0.00000160,0.00033621
0.00110880,-0.00007336,0.00031922
0.00110890,-0.00001170,0.00029120
0.00110900,0.00002589,0.00025298
0.00110910,0.00010282,0.00020580
0.00110920,0.00026058,0.00015128
0.00110930,0.00018068,0.00009130
0.00110940,0.00012298,0.00002804
0.00110950,0.00005706,-0.00003622
0.00110960,-0.00008381,-0.00009911
0.00110970,0.00021928,-0.00015831
0.00110980,0.00016801,-0.00021163
0.00110990,0.00020713,-0.00025710
0.00111000,0.00015156,-0.00029304
0.00111010,0.00003981,-0.00031814
0.00111020,0.00012270,-0.00033144
0.00111030,-0.00000093,-0.00033246
0.00111040,0.00003426,-0.00032110
0.00111050,-0.00006400,-0.00029777
0.00111060,-0.00008974,-0.00026329
0.00111070,-0.00026392,-0.00021894
0.00111080,-0.00042289,-0.00016636
0.00111090,-0.00047029,-0.00010755
0.00111100,-0.00050849,-0.00004478
0.00111110,-0.00043583,0.00001951
0.00111120,-0.00058741,0.00008277
0.00111130,-0.00044812,0.00014250
0.00111140,-0.00039623,0.00019628
0.00111150,-0.00049363,0.00024196
0.00111160,-0.00069425,0.00027770
0.00111170,-0.00049300,0.00030206
0.00111180,-0.00048137,0.00031407
0.00111190,-0.00047538,0.00031324
0.00111200,-0.00039830,0.00029960
0.00111210,-0.00054121,0.00027369
0.00111220,-0.00047856,0.00023649
0.00111230,-0.00030759,0.00018941
0.00111240,-0.00013381,0.00013419
0.00111250,-0.00001554,0.00007290
0.00111260,0.00007414,0.00000782
0.00111270,0.00007129,-0.00005863
0.00111280,0.00020942,-0.00012394
0.00111290,0.00024951,-0.00018563
0.00111300,0.00015946,-0.00024131
0.00111310,0.00018950,-0.00028880
0.00111320,0.00018522,-0.00032620
0.00111330,0.00047005,-0.00035197
0.00111340,0.00041672,-0.00036497
0.00111350,0.00023088,-0.00036453
0.00111360,0.00021624,-0.00035050
0.00111370,0.00009697,-0.00032322
0.00111380,0.00001957,-0.00028357
0.00111390,0.00001221,-0.00023287
0.00111400,-0.00018949,-0.00017289
0.00111410,-0.00018625,-0.00010576
0.00111420,-0.00020570,-0.00003389
0.00111430,-0.00015500,0.00004015
0.00111440,-0.00022705,0.00011368
0.00111450,-0.00033090,0.00018402
0.00111460,-0.00054601,0.00024864
0.00111470,-0.00063484,0.00030518
0.00111480,-0.00050040,0.00035157
0.00111490,-0.00063960,0.00038610
0.00111500,-0.00055077,0.00040747
0.00111510,-0.00058340,0.00041485
0.00111520,-0.00054800,0.00040786
0.00111530,-0.00052640,0.00038667
0.00111540,-0.00044979,0.00035193
0.00111550,-0.00041717,0.00030479
0.00111560,-0.00027342,0.00024688
0.00111570,-0.00027488,0.00018020
0.00111580,-0.00035002,0.00010711
0.00111590,-0.00019439,0.00003022
0.00111600,-0.00024249,-0.00004774
0.00111610,-0.00007783,-0.00012400
0.00111620,-0.00006825,-0.00019586
0.00111630,-0.00010992,-0.00026083
0.00111640,0.00001223,-0.00031666
0.00111650,-0.00006759,-0.00036145
0.00111660,-0.00004657,-0.00039371
0.00111670,-0.00002867,-0.00041235
0.00111680,-0.00002047,-0.00041679
0.00111690,0.00011409,-0.00040691
0.00111700,0.00021455,-0.00038308
0.00111710,0.00010559,-0.00034617
0.00111720,0.00018482,-0.00029751
0.00111730,0.00001415,-0.00023882
0.00111740,-0.00013280,-0.00017217
0.00111750,-0.00024117,-0.00009994
0.00111760,-0.00040299,-0.00002467
0.00111770,-0.00011770,0.00005098
0.00111780,-0.00021357,0.00012432
0.00111790,-0.00029978,0.00019276
0.00111800,-0.00036646,0.00025389
0.00111810,-0.00046306,0.00030552
0.00111820,-0.00025964,0.00034585
0.00111830,-0.00031204,0.00037343
0.00111840,-0.00017975,0.00038732
0.00111850,-0.00011618,0.00038705
0.00111860,-0.00037314,0.00037267
0.00111870,-0.00035653,0.00034474
0.00111880,-0.00052146,0.00030433
0.00111890,-0.00048379,0.00025299
0.00111900,-0.00045093,0.00019266
0.00111910,-0.00031628,0.00012564
0.00111920,-0.00016989,0.00005448
0.00111930,-0.00028017,-0.00001810
0.00111940,-0.00019589,-0.00008936
0.00111950,-0.00025489,-0.00015661
0.00111960,-0.00015766,-0.00021732
0.00111970,-0.00014434,-0.00026922
0.00111980,-0.00020376,-0.00031038
0.00111990,0.00008265,-0.00033924
0.00112000,-0.00010005,-0.00035472
0.00112010,-0.00001683,-0.00035619
0.00112020,0.00004050,-0.00034353
0.00112030,-0.00004224,-0.00031715
0.00112040,0.00007112,-0.00027791
0.00112050,0.00005833,-0.00022718
0.00112060,-0.00000046,-0.00016677
0.00112070,0.00021974,-0.00009887
0.00112080,0.00020895,-0.00002600
0.00112090,-0.00000158,0.00004911
0.00112100,0.00000759,0.00012357
0.00112110,-0.00011559,0.00019450
0.00112120,0.00000251,0.00025911
0.00112130,-0.00009081,0.00031478
0.00112140,-0.00003009,0.00035920
0.00112150,-0.00010505,0.00039044
0.00112160,-0.00031607,0.00040701
0.00112170,-0.00031482,0.00040792
0.00112180,-0.00051977,0.00039278
0.00112190,-0.00029212,0.00036174
0.00112200,-0.00038867,0.00031557
0.00112210,-0.00055671,0.00025560
0.00112220,-0.00028351,0.00018371
0.00112230,-0.00037956,0.00010229
0.00112240,-0.00035276,0.00001414
0.00112250,-0.00039904,-0.00007763
0.00112260,-0.00061385,-0.00016968
0.00112270,-0.00060813,-0.00025860
0.00112280,-0.00060175,-0.00034102
0.00112290,-0.00037054,-0.00041375
0.00112300,-0.00044285,-0.00047394
0.00112310,-0.00030466,-0.00051913
0.00112320,-0.00025797,-0.00054742
0.00112330,-0.00043008,-0.00055747
0.00112340,-0.00036805,-0.00054860
0.00112350,-0.00009448,-0.00052079
0.00112360,-0.00013271,-0.00047463
0.00112370,-0.00034979,-0.00041135
0.00112380,-0.00023376,-0.00033275
0.00112390,-0.00021690,-0.00024118
0.00112400,-0.00009194,-0.00013942
0.00112410,0.00009556,-0.00003068
0.00112420,-0.00015281,0.00008153
0.00112430,-0.00022560,0.00019354
0.00112440,-0.00011090,0.00030158
0.00112450,0.00005351,0.00040199
0.00112460,0.00014616,0.00049129
0.00112470,0.00015057,0.00056639
0.00112480,0.00005448,0.00062463
0.00112490,0.00007789,0.00066396
0.00112500,0.00012747,0.00068293
0.00112510,0.00013510,0.00068080
0.00112520,0.00015700,0.00065749
0.00112530,0.00006648,0.00061362
0.00112540,0.00012466,0.00055047
0.00112550,0.00003872,0.00046993
0.00112560,-0.00002365,0.00037444
0.00112570,0.00002433,0.00026693
0.00112580,-0.00017954,0.00015070
0.00112590,-0.00041235,0.00002938
0.00112600,-0.00038653,-0.00009327
0.00112610,-0.00059444,-0.00021338
0.00112620,-0.00044434,-0.00032718
0.00112630,-0.00039953,-0.00043106
0.00112640,-0.00047849,-0.00052175
0.00112650,-0.00064937,-0.00059639
0.00112660,-0.00073365,-0.00065265
0.00112670,-0.00065669,-0.00068881
0.00112680,-0.00066818,-0.00070382
0.00112690,-0.00045327,-0.00069732
0.00112700,-0.00042269,-0.00066965
0.00112710,-0.00047591,-0.00062186
0.00112720,-0.00049999,-0.00055562
0.00112730,-0.00051316,-0.00047317
0.00112740,-0.00046623,-0.00037725
0.00112750,-0.00040518,-0.00027099
0.00112760,-0.00044981,-0.00015781
0.00112770,-0.00029892,-0.00004129
0.00112780,-0.00003543,0.00007493
0.00112790,-0.00012073,0.00018725
0.00112800,-0.00000221,0.00029230
0.00112810,-0.00000220,0.00038693
0.00112820,0.00016583,0.00046840
0.00112830,0.00000474,0.00053444
0.00112840,0.00001687,0.00058327
0.00112850,0.00029190,0.00061372
0.00112860,0.00018464,0.00062523
0.00112870,0.00004331,0.00061782
0.00112880,-0.00008404,0.00059215
0.00112890,-0.00006574,0.00054938
0.00112900,0.00000110,0.00049121
0.00112910,0.00004475,0.00041972
0.00112920,0.00007713,0.00033736
0.00112930,-0.00003592,0.00024683
0.00112940,-0.00002633,0.00015099
0.00112950,-0.00032971,0.00005282
0.00112960,-0.00055051,-0.00004472
0.00112970,-0.00050722,-0.00013875
0.00112980,-0.00039836,-0.00022654
0.00112990,-0.00038998,-0.00030560
0.00113000,-0.00048144,-0.00037377
0.00113010,-0.00049314,-0.00042925
0.00113020,-0.00046763,-0.00047070
0.00113030,-0.00055558,-0.00049723
0.00113040,-0.00053307,-0.00050847
0.00113050,-0.00050348,-0.00050450
0.00113060,-0.00039110,-0.00048591
0.00113070,-0.00023857,-0.00045369
0.00113080,-0.00034608,-0.00040924
0.00113090,-0.00030300,-0.00035428
0.00113100,-0.00027268,-0.00029077
0.00113110,-0.00031914,-0.00022089
0.00113120,-0.00003709,-0.00014689
0.00113130,-0.00002222,-0.00007110
0.00113140,-0.00019759,0.00000420
0.00113150,-0.00009170,0.00007680
0.00113160,-0.00005207,0.00014463
0.00113170,0.00005043,0.00020586
0.00113180,0.00000943,0.00025891
0.00113190,0.00015462,0.00030251
0.00113200,0.00013755,0.00033578
0.00113210,0.00029333,0.00035818
0.00113220,0.00015483,0.00036956
0.00113230,0.00018186,0.00037015
0.00113240,0.00024823,0.00036049
0.00113250,0.00004207,0.00034145
0.00113260,0.00023290,0.00031414
0.00113270,0.00014866,0.00027988
0.00113280,0.00017861,0.00024011
0.00113290,-0.00001770,0.00019637
0.00113300,-0.00014215,0.00015018
0.00113310,-0.00017330,0.00010302
0.00113320,-0.00029665,0.00005626
0.00113330,-0.00033665,0.00001112
0.00113340,-0.00027119,-0.00003139
0.00113350,-0.00011166,-0.00007042
0.00113360,-0.00023371,-0.00010537
0.00113370,-0.00041137,-0.00013584
0.00113380,-0.00057717,-0.00016163
0.00113390,-0.00048890,-0.00018269
0.00113400,-0.00059449,-0.00019914
0.00113410,-0.00064202,-0.00021119
0.00113420,-0.00066134,-0.00021911
0.00113430,-0.00078787,-0.00022322
0.00113440,-0.00064943,-0.00022387
0.00113450,-0.00059590,-0.00022138
0.00113460,-0.00053184,-0.00021607
0.00113470,-0.00044653,-0.00020823
0.00113480,-0.00027083,-0.00019810
0.00113490,-0.00036958,-0.00018586
0.00113500,-0.00033703,-0.00017160
0.00113510,-0.00024245,-0.00015538
0.00113520,-0.00002208,-0.00013719
0.00113530,0.00004775,-0.00011696
0.00113540,-0.00003194,-0.00009461
0.00113550,0.00014135,-0.00007008
0.00113560,0.00016716,-0.00004331
0.00113570,0.00021488,-0.00001432
0.00113580,0.00003077,0.00001677
0.00113590,0.00011038,0.00004976
0.00113600,0.00022797,0.00008430
0.00113610,0.00026866,0.00011992
0.00113620,0.00034467,0.00015599
0.00113630,0.00015110,0.00019173
0.00113640,0.00010870,0.00022626
0.00113650,0.00009807,0.00025857
0.00113660,0.00000120,0.00028756
0.00113670,-0.00022609,0.00031211
0.00113680,-0.00022446,0.00033108
0.00113690,-0.00040608,0.00034341
0.00113700,-0.00036514,0.00034810
0.00113710,-0.00039447,0.00034430
0.00113720,-0.00034653,0.00033134
0.00113730,-0.00017769,0.00030876
0.00113740,-0.00021401,0.00027641
0.00113750,-0.00017470,0.00023441
0.00113760,-0.00020513,0.00018323
0.00113770,-0.00020137,0.00012371
0.00113780,-0.00018683,0.00005704
0.00113790,-0.00028970,-0.00001525
0.00113800,-0.00010701,-0.00009132
0.00113810,-0.00022659,-0.00016905
0.00113820,-0.00033978,-0.00024613
0.00113830,-0.00003729,-0.00032016
0.00113840,-0.00004021,-0.00038867
0.00113850,-0.00008677,-0.00044924
0.00113860,0.00000385,-0.00049960
0.00113870,-0.00015575,-0.00053768
0.00113880,-0.00022715,-0.00056168
0.00113890,-0.00012504,-0.00057016
0.00113900,-0.00021912,-0.00056209
0.00113910,-0.00015189,-0.00053689
0.00113920,-0.00023894,-0.00049452
0.00113930,-0.00019219,-0.00043552
0.00113940,-0.00010221,-0.00036099
0.00113950,-0.00017853,-0.00027265
0.00113960,-0.00034225,-0.00017278
0.00113970,-0.00048466,-0.00006418
0.00113980,-0.00030497,0.00004991
0.00113990,-0.00056283,0.00016597
0.00114000,-0.00035849,0.00028024
0.00114010,-0.00051543,0.00038896
0.00114020,-0.00032457,0.00048842
0.00114030,-0.00024743,0.00057513
0.00114040,-0.00042098,0.00064597
0.00114050,-0.00026918,0.00069823
0.00114060,-0.00057757,0.00072977
0.00114070,-0.00049557,0.00073905
0.00114080,-0.00054004,0.00072524
0.00114090,-0.00051917,0.00068821
0.00114100,-0.00034674,0.00062861
0.00114110,-0.00017198,0.00054785
0.00114120,-0.00010314,0.00044806
0.00114130,-0.00006007,0.00033207
0.00114140,0.00010818,0.00020334
0.00114150,-0.00004529,0.00006583
0.00114160,0.00008179,-0.00007613
0.00114170,0.00020572,-0.00021795
0.00114180,0.00024216,-0.00035498
0.00114190,0.00033077,-0.00048266
0.00114200,0.00036913,-0.00059665
0.00114210,0.00054988,-0.00069303
0.00114220,0.00041435,-0.00076839
0.00114230,0.00038711,-0.00081999
0.00114240,0.00022764,-0.00084584
0.00114250,0.00016699,-0.00084480
0.00114260,0.00028559,-0.00081657
0.00114270,0.00033221,-0.00076175
0.00114280,-0.00004642,-0.00068180
0.00114290,-0.00005377,-0.00057900
0.00114300,-0.00021033,-0.00045641
0.00114310,-0.00051973,-0.00031774
0.00114320,-0.00039544,-0.00016730
0.00114330,-0.00036115,-0.00000979
0.00114340,-0.00049675,0.00014979
0.00114350,-0.00075233,0.00030632
0.00114360,-0.00077777,0.00045475
0.00114370,-0.00088686,0.00059024
0.00114380,-0.00093231,0.00070835
0.00114390,-0.00097100,0.00080517
0.00114400,-0.00087932,0.00087746
0.00114410,-0.00091115,0.00092275
0.00114420,-0.00070928,0.00093945
0.00114430,-0.00074556,0.00092686
0.00114440,-0.00066391,0.00088522
0.00114450,-0.00052956,0.00081566
0.00114460,-0.00055135,0.00072021
0.00114470,-0.00048737,0.00060170
0.00114480,-0.00030272,0.00046366
0.00114490,-0.00023502,0.00031027
0.00114500,-0.00024677,0.00014620
0.00114510,0.00014614,-0.00002355
0.00114520,-0.00003872,-0.00019376
0.00114530,0.00013872,-0.00035917
0.00114540,0.00019383,-0.00051464
0.00114550,0.00024954,-0.00065534
0.00114560,0.00038384,-0.00077688
0.00114570,0.00035382,-0.00087547
0.00114580,0.00055136,-0.00094806
0.00114590,0.00040054,-0.00099241
0.00114600,0.00052873,-0.00100719
0.00114610,0.00059063,-0.00099199
0.00114620,0.00054175,-0.00094734
0.00114630,0.00043557,-0.00087465
0.00114640,0.00021852,-0.00077616
0.00114650,0.00011975,-0.00065485
0.00114660,0.00007235,-0.00051437
0.00114670,-0.00006857,-0.00035889
0.00114680,-0.00015188,-0.00019300
0.00114690,-0.00018498,-0.00002157
0.00114700,-0.00048617,0.00015036
0.00114710,-0.00053803,0.00031773
0.00114720,-0.00061403,0.00047562
0.00114730,-0.00066920,0.00061941
0.00114740,-0.00085330,0.00074488
0.00114750,-0.00087103,0.00084839
0.00114760,-0.00066599,0.00092701
0.00114770,-0.00066233,0.00097858
0.00114780,-0.00065776,0.00100180
0.00114790,-0.00062364,0.00099627
0.00114800,-0.00036470,0.00096247
0.00114810,-0.00060959,0.00090174
0.00114820,-0.00041779,0.00081620
0.00114830,-0.00027553,0.00070866
0.00114840,-0.00018139,0.00058252
0.00114850,-0.00024351,0.00044166
0.00114860,-0.00002808,0.00029029
0.00114870,-0.00002150,0.00013285
0.00114880,-0.00012619,-0.00002613
0.00114890,0.00002671,-0.00018213
0.00114900,-0.00010125,-0.00033081
0.00114910,0.00016840,-0.00046813
0.00114920,0.00008116,-0.00059041
0.00114930,0.00020853,-0.00069446
0.00114940,0.00023598,-0.00077768
0.00114950,0.00023465,-0.00083810
0.00114960,0.00019617,-0.00087444
0.00114970,0.00013847,-0.00088615
0.00114980,0.00013336,-0.00087340
0.00114990,-0.00007170,-0.00083711
0.00115000,0.00014937,-0.00077883
0.00115010,-0.00013028,-0.00070076
0.00115020,-0.00000646,-0.00060560
0.00115030,-0.00014937,-0.00049647
0.00115040,-0.00012464,-0.00037682
0.00115050,-0.00007148,-0.00025031
0.00115060,-0.00034128,-0.00012066
0.00115070,-0.00022450,0.00000843
0.00115080,-0.00039899,0.00013338
0.00115090,-0.00051556,0.00025085
0.00115100,-0.00066994,0.00035781
0.00115110,-0.00053252,0.00045165
0.00115120,-0.00034793,0.00053022
0.00115130,-0.00049884,0.00059186
0.00115140,-0.00056360,0.00063549
0.00115150,-0.00066219,0.00066056
0.00115160,-0.00070905,0.00066709
0.00115170,-0.00059767,0.00065562
0.00115180,-0.00061539,0.00062717
0.00115190,-0.00042404,0.00058324
0.00115200,-0.00030832,0.00052569
0.00115210,-0.00032730,0.00045671
0.00115220,-0.00023977,0.00037875
0.00115230,-0.00018968,0.00029440
0.00115240,-0.00030225,0.00020634
0.00115250,-0.00018097,0.00011721
0.00115260,-0.00001863,0.00002958
0.00115270,-0.00001123,-0.00005421
0.00115280,-0.00004414,-0.00013204
0.00115290,0.00009429,-0.00020208
0.00115300,0.00008946,-0.00026287
0.00115310,0.00010108,-0.00031331
0.00115320,0.00011078,-0.00035266
0.00115330,0.00002877,-0.00038058
0.00115340,0.00003740,-0.00039710
0.00115350,-0.00002073,-0.00040257
0.00115360,-0.00005890,-0.00039768
0.00115370,0.00004061,-0.00038338
0.00115380,0.00009114,-0.00036081
0.00115390,-0.00025569,-0.00033131
0.00115400,-0.00020499,-0.00029628
0.00115410,-0.00027790,-0.00025719
0.00115420,-0.00035232,-0.00021547
0.00115430,-0.00027294,-0.00017246
0.00115440,-0.00042064,-0.00012939
0.00115450,-0.00050609,-0.00008730
0.00115460,-0.00047548,-0.00004704
0.00115470,-0.00039965,-0.00000930
0.00115480,-0.00048138,0.00002544
0.00115490,-0.00062648,0.00005687
0.00115500,-0.00057610,0.00008484
0.00115510,-0.00056127,0.00010934
0.00115520,-0.00041518,0.00013046
0.00115530,-0.00037017,0.00014838
0.00115540,-0.00037782,0.00016337
0.00115550,-0.00032065,0.00017571
0.00115560,-0.00045513,0.00018572
0.00115570,-0.00044231,0.00019374
0.00115580,-0.00040617,0.00020005
0.00115590,-0.00036638,0.00020488
0.00115600,-0.00032728,0.00020839
0.00115610,-0.00026012,0.00021061
0.00115620,-0.00013692,0.00021146
0.00115630,-0.00007866,0.00021075
0.00115640,0.00001424,0.00020815
0.00115650,0.00000423,0.00020329
0.00115660,-0.00002061,0.00019575
0.00115670,0.00001425,0.00018508
0.00115680,0.00006625,0.00017088
0.00115690,0.00027224,0.00015280
0.00115700,0.00019110,0.00013060
0.00115710,-0.00008260,0.00010415
0.00115720,-0.00010979,0.00007346
0.00115730,-0.00010045,0.00003871
0.00115740,0.00002003,0.00000026
0.00115750,-0.00002861,-0.00004137
0.00115760,-0.00005314,-0.00008547
0.00115770,-0.00015976,-0.00013114
0.00115780,-0.00029377,-0.00017734
0.00115790,-0.00031765,-0.00022289
0.00115800,-0.00024907,-0.00026648
0.00115810,-0.00029136,-0.00030675
0.00115820,-0.00022177,-0.00034234
0.00115830,-0.00019917,-0.00037189
0.00115840,-0.00027312,-0.00039415
0.00115850,-0.00041787,-0.00040803
0.00115860,-0.00036525,-0.00041265
0.00115870,-0.00039076,-0.00040736
0.00115880,-0.00039192,-0.00039181
0.00115890,-0.00037297,-0.00036594
0.00115900,-0.00041893,-0.00033002
0.00115910,-0.00051119,-0.00028463
0.00115920,-0.00046231,-0.00023062
0.00115930,-0.00034128,-0.00016913
0.00115940,-0.00037750,-0.00010155
0.00115950,-0.00030495,-0.00002945
0.00115960,-0.00020650,0.00004542
0.00115970,-0.00014555,0.00012120
0.00115980,-0.00019655,0.00019597
0.00115990,-0.00032833,0.00026777
0.00116000,-0.00022758,0.00033469
0.00116010,-0.00003555,0.00039492
0.00116020,-0.00014480,0.00044677
0.00116030,-0.00005006,0.00048875
0.00116040,0.00010553,0.00051960
0.00116050,-0.00003793,0.00053835
0.00116060,-0.00007472,0.00054433
0.00116070,0.00004320,0.00053725
0.00116080,0.00003033,0.00051718
0.00116090,-0.00003464,0.00048455
0.00116100,-0.00000644,0.00044018
0.00116110,-0.00005703,0.00038519
0.00116120,-0.00003448,0.00032099
0.00116130,-0.00006874,0.00024926
0.00116140,-0.00002204,0.00017183
0.00116150,0.00008409,0.00009069
0.00116160,0.00001048,0.00000795
0.00116170,-0.00007148,-0.00007428
0.00116180,-0.00026950,-0.00015387
0.00116190,-0.00025182,-0.00022875
0.00116200,-0.00048183,-0.00029700
0.00116210,-0.00073192,-0.00035687
0.00116220,-0.00059955,-0.00040688
0.00116230,-0.00047142,-0.00044586
0.00116240,-0.00034197,-0.00047298
0.00116250,-0.00031207,-0.00048781
0.00116260,-0.00028530,-0.00049029
0.00116270,-0.00053811,-0.00048076
0.00116280,-0.00054327,-0.00045991
0.00116290,-0.00036354,-0.00042874
0.00116300,-0.00040830,-0.00038856
0.00116310,-0.00047539,-0.00034089
0.00116320,-0.00037837,-0.00028741
0.00116330,-0.00037993,-0.00022989
0.00116340,-0.00039088,-0.00017014
0.00116350,-0.00027299,-0.00010993
0.00116360,-0.00031771,-0.00005095
0.00116370,-0.00014977,0.00000524
0.00116380,0.00002630,0.00005727
0.00116390,0.00010528,0.00010397
0.00116400,0.00013089,0.00014442
0.00116410,-0.00003196,0.00017797
0.00116420,0.00001266,0.00020425
0.00116430,0.00004005,0.00022321
0.00116440,0.00018594,0.00023504
0.00116450,0.00015055,0.00024018
0.00116460,0.00008838,0.00023931
0.00116470,0.00023756,0.00023327
0.00116480,0.00020856,0.00022306
0.00116490,0.00032898,0.00020975
0.00116500,0.00011084,0.00019445
0.00116510,0.00000525,0.00017824
0.00116520,0.00007741,0.00016211
0.00116530,-0.00016741,0.00014694
0.00116540,-0.00000440,0.00013342
0.00116550,-0.00026753,0.00012204
0.00116560,-0.00030029,0.00011308
0.00116570,-0.00037974,0.00010659
0.00116580,-0.00060887,0.00010241
0.00116590,-0.00039584,0.00010015
0.00116600,-0.00046966,0.00009923
0.00116610,-0.00040394,0.00009894
0.00116620,-0.00047200,0.00009843
0.00116630,-0.00064446,0.00009681
0.00116640,-0.00050968,0.00009316
0.00116650,-0.00057589,0.00008662
0.00116660,-0.00034453,0.00007638
0.00116670,-0.00028869,0.00006183
0.00116680,-0.00035174,0.00004250
0.00116690,-0.00016258,0.00001817
0.00116700,-0.00017408,-0.00001111
0.00116710,-0.00011813,-0.00004502
0.00116720,-0.00004165,-0.00008297
0.00116730,-0.00003895,-0.00012407
0.00116740,0.00021949,-0.00016715
0.00116750,0.00011307,-0.00021085
0.00116760,0.00020943,-0.00025359
0.00116770,0.00023910,-0.00029370
0.00116780,0.00022807,-0.00032943
0.00116790,0.00009049,-0.00035908
0.00116800,0.00003181,-0.00038106
0.00116810,0.00004830,-0.00039396
0.00116820,0.00001692,-0.00039665
0.00116830,0.00006285,-0.00038826
0.00116840,0.00013524,-0.00036831
0.00116850,0.00016519,-0.00033667
0.00116860,-0.00008202,-0.00029359
0.00116870,-0.00030169,-0.00023973
0.00116880,-0.00031206,-0.00017615
0.00116890,-0.00039750,-0.00010429
0.00116900,-0.00024163,-0.00002596
0.00116910,-0.00013047,0.00005668
0.00116920,-0.00030274,0.00014120
0.00116930,-0.00036982,0.00022497
0.00116940,-0.00046480,0.00030526
0.00116950,-0.00061402,0.00037933
0.00116960,-0.00062167,0.00044458
0.00116970,-0.00050891,0.00049863
0.00116980,-0.00038326,0.00053947
0.00116990,-0.00031817,0.00056547
0.00117000,-0.00030290,0.00057548
0.00117010,-0.00036507,0.00056885
0.00117020,-0.00039836,0.00054545
0.00117030,-0.00032631,0.00050569
0.00117040,-0.00025507,0.00045048
0.00117050,-0.00019913,0.00038125
0.00117060,-0.00002193,0.00029988
0.00117070,0.00021257,0.00020868
0.00117080,0.00018290,0.00011032
0.00117090,0.00022961,0.00000776
0.00117100,0.00032673,-0.00009584
0.00117110,0.00041468,-0.00019723
0.00117120,0.00043783,-0.00029316
0.00117130,0.00028687,-0.00038053
0.00117140,0.00024349,-0.00045644
0.00117150,0.00029638,-0.00051838
0.00117160,0.00035202,-0.00056426
0.00117170,0.00023304,-0.00059251
0.00117180,0.00012465,-0.00060217
0.00117190,0.00010464,-0.00059291
0.00117200,-0.00009068,-0.00056503
0.00117210,-0.00020234,-0.00051945
0.00117220,-0.00029229,-0.00045769
0.00117230,-0.00024559,-0.00038180
0.00117240,-0.00035519,-0.00029427
0.00117250,-0.00032900,-0.00019798
0.00117260,-0.00023562,-0.00009606
0.00117270,-0.00048927,0.00000821
0.00117280,-0.00046389,0.00011145
0.00117290,-0.00051735,0.00021036
0.00117300,-0.00054088,0.00030175
0.00117310,-0.00054691,0.00038268
0.00117320,-0.00060414,0.00045056
0.00117330,-0.00071662,0.00050321
0.00117340,-0.00064100,0.00053895
0.00117350,-0.00052925,0.00055670
0.00117360,-0.00037288,0.00055594
0.00117370,-0.00041526,0.00053683
0.00117380,-0.00042208,0.00050012
0.00117390,-0.00026698,0.00044719
0.00117400,-0.00016114,0.00037994
0.00117410,-0.00010191,0.00030073
0.00117420,0.00000776,0.00021229
0.00117430,0.00004275,0.00011761
0.00117440,0.00018618,0.00001985
0.00117450,0.00052598,-0.00007782
0.00117460,0.00043842,-0.00017225
0.00117470,0.00047591,-0.00026050
0.00117480,0.00034159,-0.00033983
0.00117490,0.00044861,-0.00040787
0.00117500,0.00039948,-0.00046263
0.00117510,0.00017020,-0.00050255
0.00117520,0.00010645,-0.00052658
0.00117530,-0.00009992,-0.00053416
0.00117540,-0.00013241,-0.00052531
0.00117550,-0.00024597,-0.00050052
0.00117560,-0.00014516,-0.00046083
0.00117570,-0.00026700,-0.00040773
0.00117580,-0.00028923,-0.00034308
0.00117590,-0.00040665,-0.00026908
0.00117600,-0.00053893,-0.00018818
0.00117610,-0.00070068,-0.00010293
0.00117620,-0.00050535,-0.00001598
0.00117630,-0.00038603,0.00007006
0.00117640,-0.00055792,0.00015269
0.00117650,-0.00047502,0.00022954
0.00117660,-0.00048277,0.00029852
0.00117670,-0.00055737,0.00035782
0.00117680,-0.00042132,0.00040597
0.00117690,-0.00040447,0.00044187
0.00117700,-0.00026622,0.00046482
0.00117710,-0.00009083,0.00047454
0.00117720,-0.00006226,0.00047117
0.00117730,-0.00005260,0.00045525
0.00117740,0.00000333,0.00042770
0.00117750,-0.00004525,0.00038979
0.00117760,0.00017072,0.00034304
0.00117770,0.00014225,0.00028922
0.00117780,0.00009250,0.00023020
0.00117790,0.00021494,0.00016795
0.00117800,0.00026567,0.00010440
0.00117810,0.00014634,0.00004144
0.00117820,0.00001951,-0.00001921
0.00117830,-0.00009948,-0.00007599
0.00117840,-0.00013128,-0.00012758
0.00117850,-0.00001456,-0.00017289
0.00117860,-0.00010667,-0.00021112
0.00117870,-0.00006329,-0.00024173
0.00117880,-0.00019325,-0.00026446
0.00117890,-0.00026917,-0.00027930
0.00117900,-0.00027121,-0.00028651
0.00117910,-0.00034529,-0.00028659
0.00117920,-0.00022106,-0.00028023
0.00117930,-0.00038683,-0.00026831
0.00117940,-0.00053526,-0.00025183
0.00117950,-0.00063676,-0.00023186
0.00117960,-0.00068698,-0.00020950
0.00117970,-0.00067546,-0.00018581
0.00117980,-0.00051241,-0.00016178
0.00117990,-0.00054810,-0.00013828
0.00118000,-0.00049531,-0.00011602
0.00118010,-0.00026826,-0.00009553
0.00118020,-0.00040388,-0.00007714
0.00118030,-0.00037697,-0.00006101
0.00118040,-0.00018199,-0.00004707
0.00118050,-0.00025083,-0.00003513
0.00118060,-0.00017962,-0.00002481
0.00118070,-0.00008412,-0.00001564
0.00118080,0.00004584,-0.00000710
0.00118090,0.00000661,0.00000139
0.00118100,-0.00010268,0.00001035
0.00118110,-0.00010087,0.00002028
0.00118120,0.00000770,0.00003159
0.00118130,0.00014552,0.00004457
0.00118140,0.00019561,0.00005943
0.00118150,0.00025272,0.00007619
0.00118160,0.00008487,0.00009478
0.00118170,0.00012208,0.00011496
0.00118180,0.00003576,0.00013632
0.00118190,0.00001707,0.00015836
0.00118200,-0.00008628,0.00018040
0.00118210,-0.00014145,0.00020168
0.00118220,-0.00012892,0.00022133
0.00118230,-0.00009840,0.00023843
0.00118240,-0.00005394,0.00025203
0.00118250,-0.00017092,0.00026122
0.00118260,-0.00013400,0.00026516
0.00118270,-0.00038443,0.00026313
0.00118280,-0.00050921,0.00025458
0.00118290,-0.00058531,0.00023916
0.00118300,-0.00059987,0.00021673
0.00118310,-0.00048005,0.00018739
0.00118320,-0.00036338,0.00015151
0.00118330,-0.00024896,0.00010968
0.00118340,-0.00031039,0.00006272
0.00118350,-0.00034801,0.00001169
0.00118360,-0.00031869,-0.00004216
0.00118370,-0.00042208,-0.00009740
0.00118380,-0.00035663,-0.00015245
0.00118390,-0.00037263,-0.00020567
0.00118400,-0.00030558,-0.00025533
0.00118410,-0.00025497,-0.00029977
0.00118420,-0.00031361,-0.00033743
0.00118430,-0.00027735,-0.00036691
0.00118440,-0.00036197,-0.00038709
0.00118450,-0.00007297,-0.00039717
0.00118460,0.00003443,-0.00039670
0.00118470,0.00008965,-0.00038561
0.00118480,0.00009413,-0.00036420
0.00118490,0.00010691,-0.00033309
0.00118500,0.00006869,-0.00029322
0.00118510,-0.00008936,-0.00024577
0.00118520,0.00015438,-0.00019209
0.00118530,0.00014859,-0.00013373
0.00118540,0.00021074,-0.00007230
0.00118550,0.00013841,-0.00000950
0.00118560,0.00014016,0.00005295
0.00118570,-0.00004122,0.00011335
0.00118580,-0.00009666,0.00017006
0.00118590,0.00008272,0.00022153
0.00118600,0.00001219,0.00026637
0.00118610,0.00000189,0.00030339
0.00118620,-0.00021131,0.00033164
0.00118630,-0.00014343,0.00035046
0.00118640,-0.00031661,0.00035954
0.00118650,-0.00030837,0.00035888
0.00118660,-0.00018562,0.00034882
0.00118670,-0.00034735,0.00033001
0.00118680,-0.00042062,0.00030336
0.00118690,-0.00038144,0.00027001
0.00118700,-0.00015908,0.00023126
0.00118710,-0.00024173,0.00018854
0.00118720,-0.00023844,0.00014331
0.00118730,-0.00031572,0.00009708
0.00118740,-0.00019015,0.00005126
0.00118750,-0.00031058,0.00000720
0.00118760,-0.00030704,-0.00003389
0.00118770,-0.00027471,-0.00007099
0.00118780,-0.00039038,-0.00010324
0.00118790,-0.00030126,-0.00012999
0.00118800,-0.00027370,-0.00015081
0.00118810,-0.00017809,-0.00016546
0.00118820,-0.00019297,-0.00017396
0.00118830,-0.00029381,-0.00017655
0.00118840,-0.00047186,-0.00017372
0.00118850,-0.00016069,-0.00016617
0.00118860,-0.00006399,-0.00015480
0.00118870,-0.00005414,-0.00014065
0.00118880,0.00001586,-0.00012483
0.00118890,-0.00011411,-0.00010846
0.00118900,0.00002518,-0.00009260
0.00118910,0.00005883,-0.00007819
0.00118920,-0.00004006,-0.00006600
0.00118930,0.00004638,-0.00005663
0.00118940,-0.00003625,-0.00005043
0.00118950,-0.00008109,-0.00004755
0.00118960,-0.00000164,-0.00004791
0.00118970,0.00008433,-0.00005127
0.00118980,0.00002192,-0.00005718
0.00118990,0.00009860,-0.00006508
0.00119000,0.00003146,-0.00007429
0.00119010,0.00006085,-0.00008402
0.00119020,-0.00012624,-0.00009344
0.00119030,-0.00014189,-0.00010165
0.00119040,-0.00017575,-0.00010777
0.00119050,-0.00023962,-0.00011094
0.00119060,-0.00006709,-0.00011040
0.00119070,-0.00011801,-0.00010550
0.00119080,-0.00002900,-0.00009578
0.00119090,-0.00027917,-0.00008097
0.00119100,-0.00032470,-0.00006102
0.00119110,-0.00014708,-0.00003610
0.00119120,-0.00036415,-0.00000661
0.00119130,-0.00030420,0.00002683
0.00119140,-0.00028601,0.00006343
0.00119150,-0.00027822,0.00010221
0.00119160,-0.00023877,0.00014208
0.00119170,-0.00023087,0.00018184
0.00119180,-0.00011632,0.00022025
0.00119190,-0.00026701,0.00025601
0.00119200,-0.00026480,0.00028787
0.00119210,-0.00023237,0.00031462
0.00119220,-0.00018365,0.00033517
0.00119230,-0.00026210,0.00034855
0.00119240,-0.00014043,0.00035401
0.00119250,-0.00003138,0.00035099
0.00119260,0.00002479,0.00033919
0.00119270,0.00010678,0.00031854
0.00119280,0.00009629,0.00028923
0.00119290,0.00003030,0.00025171
0.00119300,0.00015371,0.00020668
0.00119310,0.00027806,0.00015505
0.00119320,0.00017852,0.00009795
0.00119330,0.00039250,0.00003668
0.00119340,0.00021357,-0.00002732
0.00119350,0.00024581,-0.00009252
0.00119360,0.00021573,-0.00015736
0.00119370,0.00005216,-0.00022023
0.00119380,0.00016388,-0.00027959
0.00119390,-0.00013568,-0.00033395
0.00119400,-0.00011942,-0.00038193
0.00119410,-0.00019930,-0.00042227
0.00119420,-0.00025793,-0.00045389
0.00119430,-0.00034567,-0.00047589
0.00119440,-0.00044761,-0.00048756
0.00119450,-0.00047964,-0.00048845
0.00119460,-0.00040605,-0.00047835
0.00119470,-0.00043078,-0.00045731
0.00119480,-0.00048280,-0.00042565
0.00119490,-0.00041024,-0.00038398
0.00119500,-0.00051721,-0.00033316
0.00119510,-0.00051544,-0.00027432
0.00119520,-0.00056346,-0.00020881
0.00119530,-0.00046245,-0.00013818
0.00119540,-0.00052163,-0.00006410
0.00119550,-0.00045477,0.00001167
0.00119560,-0.00047982,0.00008732
0.00119570,-0.00052724,0.00016109
0.00119580,-0.00028246,0.00023130
0.00119590,-0.00013210,0.00029638
0.00119600,-0.00000829,0.00035491
0.00119610,-0.00004695,0.00040567
0.00119620,-0.00003874,0.00044761
0.00119630,-0.00002619,0.00047991
0.00119640,0.00011777,0.00050194
0.00119650,0.00017253,0.00051329
0.00119660,0.00030220,0.00051378
0.00119670,0.00041801,0.00050344
0.00119680,0.00029425,0.00048252
0.00119690,0.00034553,0.00045152
0.00119700,0.00027666,0.00041113
0.00119710,0.00016747,0.00036227
0.00119720,0.00017680,0.00030601
0.00119730,0.00012337,0.00024360
0.00119740,0.00018968,0.00017637
0.00119750,-0.00019359,0.00010575
0.00119760,-0.00011380,0.00003321
0.00119770,-0.00030827,-0.00003977
0.00119780,-0.00056831,-0.00011173
0.00119790,-0.00040262,-0.00018123
0.00119800,-0.00063767,-0.00024691
0.00119810,-0.00077436,-0.00030744
0.00119820,-0.00067918,-0.00036159
0.00119830,-0.00060195,-0.00040821
0.00119840,-0.00051661,-0.00044631
0.00119850,-0.00056534,-0.00047506
0.00119860,-0.00060349,-0.00049384
0.00119870,-0.00074318,-0.00050225
0.00119880,-0.00061180,-0.00050013
0.00119890,-0.00078593,-0.00048759
0.00119900,-0.00062865,-0.00046493
0.00119910,-0.00032019,-0.00043269
0.00119920,-0.00026493,-0.00039158
0.00119930,-0.00025258,-0.00034244
0.00119940,-0.00002670,-0.00028624
0.00119950,-0.00006689,-0.00022407
0.00119960,-0.00018712,-0.00015711
0.00119970,0.00005976,-0.00008663
0.00119980,0.00027278,-0.00001402
0.00119990,0.00031595,0.00005927
0.00120000,0.00027168,0.00013172
0.00120010,0.00036063,0.00020179
0.00120020,0.00040280,0.00026797
0.00120030,0.00031618,0.00032879
0.00120040,0.00008018,0.00038293
0.00120050,0.00013203,0.00042920
0.00120060,-0.00000689,0.00046663
0.00120070,0.00007653,0.00049442
0.00120080,-0.00008785,0.00051201
0.00120090,-0.00021757,0.00051900
0.00120100,-0.00026966,0.00051522
0.00120110,-0.00029468,0.00050063
0.00120120,-0.00028073,0.00047537
0.00120130,-0.00053875,0.00043974
0.00120140,-0.00070217,0.00039421
0.00120150,-0.00067604,0.00033945
0.00120160,-0.00068888,0.00027631
0.00120170,-0.00063663,0.00020587
0.00120180,-0.00070904,0.00012943
0.00120190,-0.00069988,0.00004849
0.00120200,-0.00082517,-0.00003524
0.00120210,-0.00086854,-0.00011991
0.00120220,-0.00090281,-0.00020354
0.00120230,-0.00070078,-0.00028413
0.00120240,-0.00056671,-0.00035965
0.00120250,-0.00051188,-0.00042818
0.00120260,-0.00021540,-0.00048789
0.00120270,-0.00024650,-0.00053711
0.00120280,-0.00009777,-0.00057439
0.00120290,0.00012342,-0.00059854
0.00120300,0.00014798,-0.00060861
0.00120310,0.00015325,-0.00060400
0.00120320,0.00017366,-0.00058443
0.00120330,0.00030915,-0.00054997
0.00120340,0.00021420,-0.00050109
0.00120350,0.00034507,-0.00043864
0.00120360,0.00048264,-0.00036387
0.00120370,0.00037116,-0.00027841
0.00120380,0.00027853,-0.00018424
0.00120390,0.00022335,-0.00008367
0.00120400,0.00024471,0.00002075
0.00120410,0.00017861,0.00012627
0.00120420,-0.00009291,0.00023003
0.00120430,-0.00030883,0.00032920
0.00120440,-0.00023758,0.00042101
0.00120450,-0.00014754,0.00050289
0.00120460,-0.00037311,0.00057254
0.00120470,-0.00039602,0.00062798
0.00120480,-0.00057429,0.00066762
0.00120490,-0.00045706,0.00069029
0.00120500,-0.00058861,0.00069523
0.00120510,-0.00053880,0.00068216
0.00120520,-0.00046132,0.00065122
0.00120530,-0.00075461,0.00060301
0.00120540,-0.00048674,0.00053862
0.00120550,-0.00067612,0.00045956
0.00120560,-0.00080766,0.00036779
0.00120570,-0.00072348,0.00026566
0.00120580,-0.00071089,0.00015587
0.00120590,-0.00058603,0.00004135
0.00120600,-0.00039778,-0.00007478
0.00120610,-0.00029859,-0.00018935
0.00120620,-0.00029247,-0.00029922
0.00120630,-0.00017708,-0.00040140
0.00120640,-0.00011618,-0.00049310
0.00120650,-0.00004470,-0.00057187
0.00120660,-0.00006677,-0.00063561
0.00120670,-0.00007146,-0.00068265
0.00120680,-0.00008573,-0.00071181
0.00120690,0.00004804,-0.00072239
0.00120700,0.00009954,-0.00071420
0.00120710,0.00021026,-0.00068757
0.00120720,0.00025542,-0.00064329
0.00120730,0.00024727,-0.00058266
0.00120740,0.00013864,-0.00050738
0.00120750,0.00008355,-0.00041955
0.00120760,0.00026799,-0.00032162
0.00120770,0.00019861,-0.00021627
0.00120780,0.00012874,-0.00010637
0.00120790,0.00026237,0.00000512
0.00120800,0.00025128,0.00011521
0.00120810,0.00015479,0.00022102
0.00120820,-0.00007601,0.00031986
0.00120830,-0.00008159,0.00040925
0.00120840,-0.00023011,0.00048708
0.00120850,-0.00024129,0.00055157
0.00120860,-0.00027636,0.00060134
0.00120870,-0.00038800,0.00063547
0.00120880,-0.00029291,0.00065342
0.00120890,-0.00044494,0.00065510
0.00120900,-0.00047090,0.00064082
0.00120910,-0.00044883,0.00061128
0.00120920,-0.00028087,0.00056757
0.00120930,-0.00034429,0.00051109
0.00120940,-0.00031970,0.00044358
0.00120950,0.00001844,0.00036700
0.00120960,-0.00025375,0.00028354
0.00120970,0.00005325,0.00019549
0.00120980,-0.00001479,0.00010524
0.00120990,-0.00011964,0.00001511
0.00121000,-0.00001184,-0.00007262
0.00121010,-0.00021505,-0.00015586
0.00121020,-0.00004939,-0.00023274
0.00121030,-0.00011604,-0.00030162
0.00121040,-0.00003565,-0.00036119
0.00121050,-0.00012888,-0.00041040
0.00121060,0.00004865,-0.00044855
0.00121070,0.00001896,-0.00047522
0.00121080,-0.00025508,-0.00049028
0.00121090,-0.00020357,-0.00049389
0.00121100,-0.00024179,-0.00048647
0.00121110,-0.00032416,-0.00046863
0.00121120,-0.00028269,-0.00044123
0.00121130,-0.00017909,-0.00040529
0.00121140,-0.00028730,-0.00036198
0.00121150,-0.00033154,-0.00031260
0.00121160,-0.00037592,-0.00025856
0.00121170,-0.00017752,-0.00020133
0.00121180,-0.00009613,-0.00014243
0.00121190,-0.00000236,-0.00008339
0.00121200,-0.00001049,-0.00002566
0.00121210,-0.00015202,0.00002938
0.00121220,-0.00012020,0.00008053
0.00121230,-0.00026380,0.00012676
0.00121240,-0.00016744,0.00016726
0.00121250,-0.00006789,0.00020145
0.00121260,-0.00001166,0.00022899
0.00121270,-0.00009518,0.00024978
0.00121280,0.00003042,0.00026390
0.00121290,-0.00000974,0.00027164
0.00121300,-0.00002882,0.00027343
0.00121310,0.00004068,0.00026979
0.00121320,-0.00003027,0.00026135
0.00121330,-0.00007200,0.00024878
0.00121340,-0.00008448,0.00023281
0.00121350,0.00003380,0.00021414
0.00121360,-0.00011761,0.00019353
0.00121370,-0.00013437,0.00017169
0.00121380,-0.00016836,0.00014930
0.00121390,-0.00003956,0.00012698
0.00121400,-0.00006598,0.00010522
0.00121410,-0.00030873,0.00008440
0.00121420,-0.00027763,0.00006471
0.00121430,-0.00041046,0.00004624
0.00121440,-0.00037293,0.00002892
0.00121450,-0.00050090,0.00001259
0.00121460,-0.00055561,-0.00000295
0.00121470,-0.00048821,-0.00001792
0.00121480,-0.00057731,-0.00003253
0.00121490,-0.00065539,-0.00004691
0.00121500,-0.00055893,-0.00006116
0.00121510,-0.00047341,-0.00007528
0.00121520,-0.00055093,-0.00008920
0.00121530,-0.00059668,-0.00010276
0.00121540,-0.00037044,-0.00011574
0.00121550,-0.00008128,-0.00012789
0.00121560,-0.00012252,-0.00013891
0.00121570,-0.00000933,-0.00014848
0.00121580,-0.00005406,-0.00015628
0.00121590,-0.00009819,-0.00016197
0.00121600,-0.00000424,-0.00016521
0.00121610,-0.00002925,-0.00016568
0.00121620,0.00005323,-0.00016309
0.00121630,0.00007636,-0.00015717
0.00121640,-0.00008611,-0.00014777
0.00121650,-0.00000102,-0.00013478
0.00121660,0.00019422,-0.00011824
0.00121670,0.00018737,-0.00009828
0.00121680,0.00018348,-0.00007518
0.00121690,0.00013925,-0.00004935
0.00121700,0.00019878,-0.00002134
0.00121710,0.00014721,0.00000819
0.00121720,-0.00010026,0.00003847
0.00121730,-0.00004646,0.00006865
0.00121740,-0.00007560,0.00009783
0.00121750,-0.00011776,0.00012513
0.00121760,-0.00013122,0.00014962
0.00121770,-0.00037211,0.00017047
0.00121780,-0.00019701,0.00018687
0.00121790,-0.00032119,0.00019815
0.00121800,-0.00039259,0.00020373
0.00121810,-0.00045228,0.00020322
0.00121820,-0.00042713,0.00019638
0.00121830,-0.00036910,0.00018317
0.00121840,-0.00031347,0.00016376
0.00121850,-0.00018458,0.00013850
0.00121860,-0.00039967,0.00010800
0.00121870,-0.00035293,0.00007304
0.00121880,-0.00030107,0.00003460
0.00121890,-0.00020528,-0.00000615
0.00121900,-0.00026722,-0.00004793
0.00121910,-0.00010906,-0.00008936
0.00121920,-0.00002138,-0.00012901
0.00121930,-0.00018309,-0.00016544
0.00121940,-0.00011264,-0.00019731
0.00121950,-0.00006467,-0.00022334
0.00121960,-0.00012689,-0.00024245
0.00121970,-0.00016169,-0.00025374
0.00121980,-0.00013929,-0.00025654
0.00121990,-0.00007919,-0.00025043
0.00122000,-0.00021705,-0.00023529
0.00122010,-0.00031756,-0.00021127
0.00122020,-0.00024714,-0.00017885
0.00122030,-0.00031283,-0.00013885
0.00122040,-0.00025885,-0.00009238
0.00122050,-0.00025898,-0.00004085
0.00122060,-0.00009890,0.00001412
0.00122070,-0.00007347,0.00007068
0.00122080,-0.00028920,0.00012692
0.00122090,-0.00015562,0.00018086
0.00122100,-0.00012099,0.00023054
0.00122110,-0.00002954,0.00027413
0.00122120,-0.00008174,0.00030996
0.00122130,-0.00007590,0.00033659
0.00122140,-0.00000408,0.00035287
0.00122150,0.00002609,0.00035798
0.00122160,-0.00003253,0.00035147
0.00122170,-0.00009335,0.00033326
0.00122180,-0.00005158,0.00030365
0.00122190,-0.00005073,0.00026331
0.00122200,-0.00015597,0.00021329
0.00122210,-0.00007156,0.00015496
0.00122220,0.00002297,0.00008998
0.00122230,-0.00002955,0.00002027
0.00122240,0.00008736,-0.00005207
0.00122250,0.00009979,-0.00012479
0.00122260,0.00003675,-0.00019561
0.00122270,-0.00004579,-0.00026227
0.00122280,0.00000552,-0.00032261
0.00122290,0.00009738,-0.00037464
0.00122300,0.00013206,-0.00041662
0.00122310,-0.00000993,-0.00044708
0.00122320,-0.00003321,-0.00046489
0.00122330,0.00001212,-0.00046930
0.00122340,-0.00000807,-0.00045992
0.00122350,-0.00000684,-0.00043679
0.00122360,-0.00015682,-0.00040036
0.00122370,-0.00040975,-0.00035148
0.00122380,-0.00042894,-0.00029140
0.00122390,-0.00039707,-0.00022170
0.00122400,-0.00046491,-0.00014430
0.00122410,-0.00048440,-0.00006137
0.00122420,-0.00045676,0.00002474
0.00122430,-0.00045478,0.00011154
0.00122440,-0.00033634,0.00019650
0.00122450,-0.00023803,0.00027709
0.00122460,-0.00011880,0.00035090
0.00122470,-0.00040340,0.00041567
0.00122480,-0.00045883,0.00046941
0.00122490,-0.00012523,0.00051041
0.00122500,-0.00009775,0.00053734
0.00122510,-0.00000893,0.00054926
0.00122520,0.00009366,0.00054568
0.00122530,-0.00002848,0.00052656
0.00122540,-0.00003652,0.00049232
0.00122550,0.00003633,0.00044381
0.00122560,-0.00010685,0.00038233
0.00122570,-0.00005474,0.00030956
0.00122580,0.00003174,0.00022750
0.00122590,0.00009054,0.00013848
0.00122600,0.00015214,0.00004502
0.00122610,0.00023941,-0.00005023
0.00122620,-0.00008799,-0.00014453
0.00122630,-0.00002270,-0.00023515
0.00122640,-0.00000389,-0.00031948
0.00122650,-0.00001773,-0.00039502
0.00122660,-0.00008711,-0.00045955
0.00122670,-0.00021357,-0.00051109
0.00122680,-0.00020955,-0.00054806
0.00122690,-0.00009852,-0.00056929
0.00122700,-0.00031165,-0.00057405
0.00122710,-0.00040732,-0.00056213
0.00122720,-0.00047081,-0.00053381
0.00122730,-0.00027896,-0.00048988
0.00122740,-0.00028598,-0.00043164
0.00122750,-0.00042748,-0.00036082
0.00122760,-0.00029736,-0.00027959
0.00122770,-0.00041901,-0.00019039
0.00122780,-0.00043219,-0.00009594
0.00122790,-0.00039500,0.00000090
0.00122800,-0.00038996,0.00009723
0.00122810,-0.00032708,0.00019017
0.00122820,-0.00014943,0.00027696
0.00122830,-0.00009656,0.00035502
0.00122840,-0.00034487,0.00042203
0.00122850,-0.00022046,0.00047600
0.00122860,-0.00016599,0.00051534
0.00122870,0.00008553,0.00053889
0.00122880,-0.00007537,0.00054598
0.00122890,-0.00010358,0.00053649
0.00122900,-0.00015928,0.00051082
0.00122910,-0.00016273,0.00046992
0.00122920,-0.00002202,0.00041522
0.00122930,0.00008331,0.00034859
0.00122940,0.00015811,0.00027228
0.00122950,-0.00004504,0.00018880
0.00122960,-0.00006706,0.00010086
0.00122970,-0.00015605,0.00001121
0.00122980,-0.00004338,-0.00007735
0.00122990,-0.00000858,-0.00016215
0.00123000,-0.00011730,-0.00024066
0.00123010,-0.00031567,-0.00031058
0.00123020,-0.00044757,-0.00036992
0.00123030,-0.00050016,-0.00041702
0.00123040,-0.00045124,-0.00045060
0.00123050,-0.00033117,-0.00046983
0.00123060,-0.00023597,-0.00047434
0.00123070,-0.00016970,-0.00046421
0.00123080,-0.00021739,-0.00044000
0.00123090,-0.00001617,-0.00040269
0.00123100,-0.00006233,-0.00035369
0.00123110,0.00002523,-0.00029478
0.00123120,-0.00012609,-0.00022803
0.00123130,-0.00011612,-0.00015572
0.00123140,-0.00011786,-0.00008031
0.00123150,-0.00001498,-0.00000427
0.00123160,0.00004062,0.00006994
0.00123170,-0.00018074,0.00013997
0.00123180,-0.00011304,0.00020368
0.00123190,-0.00018792,0.00025916
0.00123200,-0.00005022,0.00030483
0.00123210,-0.00001401,0.00033946
0.00123220,-0.00009911,0.00036221
0.00123230,-0.00007479,0.00037265
0.00123240,-0.00013612,0.00037077
0.00123250,-0.00010638,0.00035696
0.00123260,-0.00010863,0.00033200
0.00123270,-0.00007006,0.00029701
0.00123280,-0.00009313,0.00025344
0.00123290,-0.00012895,0.00020299
0.00123300,-0.00025922,0.00014753
0.00123310,-0.00040699,0.00008907
0.00123320,-0.00047173,0.00002964
0.00123330,-0.00033608,-0.00002874
0.00123340,-0.00045780,-0.00008417
0.00123350,-0.00049560,-0.00013492
0.00123360,-0.00045317,-0.00017947
0.00123370,-0.00058049,-0.00021654
0.00123380,-0.00038491,-0.00024517
0.00123390,-0.00043381,-0.00026467
0.00123400,-0.00037391,-0.00027470
0.00123410,-0.00029992,-0.00027522
0.00123420,-0.00044594,-0.00026648
0.00123430,-0.00037001,-0.00024902
0.00123440,-0.00029413,-0.00022361
0.00123450,-0.00007878,-0.00019128
0.00123460,0.00001411,-0.00015322
0.00123470,0.00008005,-0.00011081
0.00123480,0.00032813,-0.00006549
0.00123490,0.00029504,-0.00001878
0.00123500,0.00018993,0.00002779
0.00123510,0.00026015,0.00007280
0.00123520,0.00016455,0.00011489
0.00123530,0.00009319,0.00015289
0.00123540,0.00018727,0.00018578
0.00123550,0.00016543,0.00021277
0.00123560,0.00020544,0.00023321
0.00123570,0.00017351,0.00024671
0.00123580,-0.00001782,0.00025300
0.00123590,0.00003161,0.00025203
0.00123600,-0.00011095,0.00024388
0.00123610,-0.00004664,0.00022880
0.00123620,0.00003918,0.00020714
0.00123630,-0.00012242,0.00017938
0.00123640,-0.00020795,0.00014616
0.00123650,-0.00017923,0.00010820
0.00123660,-0.00046693,0.00006638
0.00123670,-0.00050077,0.00002171
0.00123680,-0.00054692,-0.00002469
0.00123690,-0.00060044,-0.00007162
0.00123700,-0.00052881,-0.00011784
0.00123710,-0.00066078,-0.00016209
0.00123720,-0.00070323,-0.00020314
0.00123730,-0.00070696,-0.00023985
0.00123740,-0.00081108,-0.00027118
0.00123750,-0.00064607,-0.00029622
0.00123760,-0.00052800,-0.00031420
0.00123770,-0.00057914,-0.00032453
0.00123780,-0.00047733,-0.00032679
0.00123790,-0.00038782,-0.00032075
0.00123800,-0.00025843,-0.00030636
0.00123810,-0.00023632,-0.00028379
0.00123820,-0.00021805,-0.00025342
0.00123830,-0.00013558,-0.00021585
0.00123840,0.00008793,-0.00017186
0.00123850,0.00005646,-0.00012243
0.00123860,0.00006186,-0.00006871
0.00123870,0.00012205,-0.00001197
0.00123880,0.00023888,0.00004642
0.00123890,0.00008051,0.00010501
0.00123900,0.00018090,0.00016234
0.00123910,0.00017071,0.00021693
0.00123920,-0.00003511,0.00026737
0.00123930,0.00009337,0.00031232
0.00123940,0.00018571,0.00035056
0.00123950,0.00017350,0.00038103
0.00123960,0.00000496,0.00040286
0.00123970,-0.00007461,0.00041539
0.00123980,-0.00021344,0.00041819
0.00123990,-0.00030586,0.00041106
0.00124000,-0.00020172,0.00039406
0.00124010,-0.00019542,0.00036751
0.00124020,-0.00038352,0.00033195
0.00124030,-0.00026006,0.00028817
0.00124040,-0.00027717,0.00023713
0.00124050,-0.00041398,0.00017998
0.00124060,-0.00038550,0.00011800
0.00124070,-0.00051225,0.00005260
0.00124080,-0.00047185,-0.00001474
0.00124090,-0.00060522,-0.00008252
0.00124100,-0.00037082,-0.00014917
0.00124110,-0.00048120,-0.00021318
0.00124120,-0.00033511,-0.00027306
0.00124130,-0.00035502,-0.00032741
0.00124140,-0.00039836,-0.00037495
0.00124150,-0.00026290,-0.00041455
0.00124160,-0.00036088,-0.00044524
0.00124170,-0.00020283,-0.00046626
0.00124180,-0.00024758,-0.00047707
0.00124190,-0.00019776,-0.00047734
0.00124200,-0.00020358,-0.00046696
0.00124210,-0.00010642,-0.00044606
0.00124220,-0.00019541,-0.00041500
0.00124230,-0.00023502,-0.00037436
0.00124240,-0.00027010,-0.00032495
0.00124250,-0.00015609,-0.00026778
0.00124260,0.00002897,-0.00020410
0.00124270,-0.00008152,-0.00013533
0.00124280,0.00015473,-0.00006304
0.00124290,-0.00003419,0.00001106
0.00124300,0.00002315,0.00008525
0.00124310,-0.00005257,0.00015779
0.00124320,-0.00017106,0.00022701
0.00124330,-0.00020663,0.00029134
0.00124340,-0.00028129,0.00034937
0.00124350,-0.00009594,0.00039982
0.00124360,-0.00031161,0.00044162
0.00124370,-0.00014139,0.00047385
0.00124380,-0.00026555,0.00049576
0.00124390,-0.00017912,0.00050680
0.00124400,-0.00004997,0.00050662
0.00124410,-0.00018281,0.00049509
0.00124420,-0.00012752,0.00047231
0.00124430,-0.00031541,0.00043869
0.00124440,-0.00036490,0.00039488
0.00124450,-0.00025768,0.00034185
0.00124460,-0.00025584,0.00028080
0.00124470,-0.00018676,0.00021320
0.00124480,0.00012456,0.00014073
0.00124490,-0.00003182,0.00006522
0.00124500,-0.00020358,-0.00001141
0.00124510,-0.00024858,-0.00008719
0.00124520,-0.00015041,-0.00016021
0.00124530,-0.00007714,-0.00022861
0.00124540,-0.00006370,-0.00029069
0.00124550,-0.00019825,-0.00034490
0.00124560,-0.00002014,-0.00038993
0.00124570,0.00013396,-0.00042471
0.00124580,0.00002742,-0.00044841
0.00124590,0.00013773,-0.00046054
0.00124600,-0.00004422,-0.00046090
0.00124610,-0.00023914,-0.00044964
0.00124620,-0.00030401,-0.00042725
0.00124630,-0.00028803,-0.00039452
0.00124640,-0.00015134,-0.00035260
0.00124650,-0.00034205,-0.00030290
0.00124660,-0.00044035,-0.00024705
0.00124670,-0.00019986,-0.00018688
0.00124680,-0.00024142,-0.00012433
0.00124690,-0.00027492,-0.00006137
0.00124700,-0.00023644,0.00000008
0.00124710,-0.00016151,0.00005824
0.00124720,-0.00032608,0.00011148
0.00124730,-0.00028587,0.00015840
0.00124740,-0.00018237,0.00019787
0.00124750,-0.00027846,0.00022904
0.00124760,-0.00022800,0.00025133
0.00124770,-0.00023111,0.00026449
0.00124780,-0.00035630,0.00026860
0.00124790,-0.00034388,0.00026402
0.00124800,-0.00020720,0.00025140
0.00124810,-0.00012875,0.00023169
0.00124820,-0.00024414,0.00020606
0.00124830,-0.00014560,0.00017587
0.00124840,-0.00008118,0.00014263
0.00124850,-0.00007446,0.00010794
0.00124860,-0.00004520,0.00007341
0.00124870,-0.00029624,0.00004059
0.00124880,-0.00018081,0.00001091
0.00124890,-0.00024083,-0.00001439
0.00124900,-0.00025077,-0.00003431
0.00124910,-0.00004653,-0.00004813
0.00124920,-0.00012872,-0.00005543
0.00124930,-0.00020631,-0.00005611
0.00124940,-0.00022722,-0.00005035
0.00124950,-0.00012325,-0.00003862
0.00124960,-0.00025926,-0.00002163
0.00124970,-0.00035854,-0.00000033
0.00124980,-0.00028347,0.00002413
0.00124990,-0.00033806,0.00005040
0.00125000,-0.00039160,0.00007700
0.00125010,-0.00042114,0.00010236
0.00125020,-0.00021660,0.00012484
0.00125030,-0.00021275,0.00014289
0.00125040,-0.00023652,0.00015504
0.00125050,-0.00009032,0.00016007
0.00125060,-0.00010926,0.00015701
0.00125070,-0.00005503,0.00014526
0.00125080,-0.00009009,0.00012460
0.00125090,-0.00004991,0.00009522
0.00125100,0.00009597,0.00005774
0.00125110,0.00019949,0.00001317
0.00125120,-0.00017240,-0.00003713
0.00125130,-0.00003092,-0.00009150
0.00125140,-0.00009043,-0.00014807
0.00125150,0.00009500,-0.00020481
0.00125160,0.00007313,-0.00025965
0.00125170,0.00007678,-0.00031048
0.00125180,-0.00005060,-0.00035529
0.00125190,-0.00020554,-0.00039220
0.00125200,-0.00002071,-0.00041952
0.00125210,-0.00000885,-0.00043582
0.00125220,0.00008755,-0.00043994
0.00125230,-0.00015606,-0.00043110
0.00125240,-0.00021733,-0.00040887
0.00125250,-0.00035192,-0.00037328
0.00125260,-0.00049793,-0.00032476
0.00125270,-0.00043474,-0.00026421
0.00125280,-0.00042265,-0.00019295
0.00125290,-0.00026215,-0.00011268
0.00125300,-0.00035612,-0.00002549
0.00125310,-0.00041110,0.00006627
0.00125320,-0.00064673,0.00015999
0.00125330,-0.00057008,0.00025295
0.00125340,-0.00062115,0.00034231
0.00125350,-0.00048158,0.00042533
0.00125360,-0.00034015,0.00049936
0.00125370,-0.00021309,0.00056197
0.00125380,-0.00024880,0.00061105
0.00125390,-0.00031690,0.00064487
0.00125400,-0.00004066,0.00066212
0.00125410,-0.00002834,0.00066198
0.00125420,0.00002911,0.00064414
0.00125430,0.00004939,0.00060879
0.00125440,-0.00010772,0.00055665
0.00125450,0.00004049,0.00048891
0.00125460,0.00022208,0.00040719
0.00125470,0.00022956,0.00031352
0.00125480,0.00031417,0.00021024
0.00125490,0.00025919,0.00009998
0.00125500,0.00030019,-0.00001445
0.00125510,0.00021328,-0.00013006
0.00125520,0.00019367,-0.00024380
0.00125530,0.00032143,-0.00035266
0.00125540,0.00019671,-0.00045371
0.00125550,0.00022357,-0.00054423
0.00125560,0.00009696,-0.00062176
0.00125570,0.00003271,-0.00068418
0.00125580,-0.00016161,-0.00072976
0.00125590,-0.00021485,-0.00075719
0.00125600,-0.00048448,-0.00076568
0.00125610,-0.00040571,-0.00075490
0.00125620,-0.00034305,-0.00072506
0.00125630,-0.00038923,-0.00067688
0.00125640,-0.00032236,-0.00061157
0.00125650,-0.00032965,-0.00053080
0.00125660,-0.00015277,-0.00043665
0.00125670,-0.00026386,-0.00033155
0.00125680,-0.00032150,-0.00021825
0.00125690,-0.00037816,-0.00009971
0.00125700,-0.00014666,0.00002097
0.00125710,-0.00029367,0.00014059
0.00125720,-0.00023616,0.00025599
0.00125730,-0.00028417,0.00036416
0.00125740,-0.00040795,0.00046226
0.00125750,-0.00034854,0.00054779
0.00125760,-0.00027138,0.00061862
0.00125770,-0.00010753,0.00067306
0.00125780,-0.00002035,0.00070986
0.00125790,0.00002544,0.00072827
0.00125800,-0.00001776,0.00072804
0.00125810,0.00003472,0.00070941
0.00125820,0.00004170,0.00067313
0.00125830,0.00016465,0.00062042
0.00125840,0.00013877,0.00055299
0.00125850,0.00012094,0.00047294
0.00125860,0.00002338,0.00038274
0.00125870,-0.00025934,0.00028511
0.00125880,-0.00014316,0.00018294
0.00125890,-0.00022252,0.00007921
0.00125900,-0.00019359,-0.00002315
0.00125910,-0.00000559,-0.00012137
0.00125920,-0.00000445,-0.00021290
0.00125930,-0.00021487,-0.00029553
0.00125940,-0.00021558,-0.00036739
0.00125950,-0.00016565,-0.00042703
0.00125960,-0.00030198,-0.00047341
0.00125970,-0.00029287,-0.00050594
0.00125980,-0.00036189,-0.00052443
0.00125990,-0.00035754,-0.00052907
0.00126000,-0.00044116,-0.00052048
0.00126010,-0.00041798,-0.00049958
0.00126020,-0.00030935,-0.00046761
0.00126030,-0.00045048,-0.00042607
0.00126040,-0.00039404,-0.00037666
0.00126050,-0.00019744,-0.00032122
0.00126060,-0.00011253,-0.00026166
0.00126070,-0.00011515,-0.00019990
0.00126080,-0.00013222,-0.00013780
0.00126090,-0.00002462,-0.00007708
0.00126100,-0.00008952,-0.00001929
0.00126110,-0.00001083,0.00003428
0.00126120,0.00006146,0.00008260
0.00126130,0.00003634,0.00012492
0.00126140,0.00013110,0.00016076
0.00126150,-0.00000886,0.00018991
0.00126160,-0.00015284,0.00021240
0.00126170,-0.00012320,0.00022848
0.00126180,-0.00007120,0.00023859
0.00126190,0.00004811,0.00024328
0.00126200,-0.00009315,0.00024322
0.00126210,-0.00004853,0.00023916
0.00126220,0.00000193,0.00023183
0.00126230,-0.00009326,0.00022196
0.00126240,0.00003242,0.00021025
0.00126250,-0.00017414,0.00019728
0.00126260,-0.00018855,0.00018357
0.00126270,-0.00005140,0.00016948
0.00126280,-0.00028169,0.00015528
0.00126290,-0.00045820,0.00014110
0.00126300,-0.00043718,0.00012695
0.00126310,-0.00045221,0.00011272
0.00126320,-0.00037406,0.00009823
0.00126330,-0.00037268,0.00008322
0.00126340,-0.00031067,0.00006740
0.00126350,-0.00044632,0.00005048
0.00126360,-0.00040965,0.00003219
0.00126370,-0.00026675,0.00001233
0.00126380,-0.00020241,-0.00000920
0.00126390,-0.00005560,-0.00003234
0.00126400,0.00001853,-0.00005692
0.00126410,0.00008115,-0.00008256
0.00126420,-0.00004497,-0.00010877
0.00126430,0.00012616,-0.00013490
0.00126440,0.00014618,-0.00016017
0.00126450,0.00026021,-0.00018374
0.00126460,0.00030554,-0.00020471
0.00126470,0.00012101,-0.00022216
0.00126480,0.00012246,-0.00023520
0.00126490,-0.00000075,-0.00024301
0.00126500,-0.00012005,-0.00024491
0.00126510,-0.00001216,-0.00024038
0.00126520,0.00002275,-0.00022911
0.00126530,0.00005022,-0.00021105
0.00126540,-0.00000859,-0.00018641
0.00126550,-0.00001959,-0.00015567
0.00126560,-0.00014531,-0.00011960
0.00126570,-0.00051201,-0.00007918
0.00126580,-0.00049596,-0.00003562
0.00126590,-0.00060173,0.00000972
0.00126600,-0.00051506,0.00005537
0.00126610,-0.00038866,0.00009985
0.00126620,-0.00044094,0.00014167
0.00126630,-0.00041996,0.00017939
0.00126640,-0.00050358,0.00021173
0.00126650,-0.00040923,0.00023754
0.00126660,-0.00055681,0.00025591
0.00126670,-0.00055916,0.00026614
0.00126680,-0.00040771,0.00026783
0.00126690,-0.00023456,0.00026088
0.00126700,0.00006597,0.00024548
0.00126710,-0.00006050,0.00022211
0.00126720,0.00002054,0.00019157
0.00126730,0.00008368,0.00015489
0.00126740,-0.00005319,0.00011336
0.00126750,-0.00003995,0.00006843
0.00126760,-0.00000120,0.00002170
0.00126770,-0.00000392,-0.00002517
0.00126780,0.00004497,-0.00007049
0.00126790,0.00008264,-0.00011266
0.00126800,-0.00006064,-0.00015017
0.00126810,-0.00006034,-0.00018169
0.00126820,-0.00016220,-0.00020616
0.00126830,-0.00001760,-0.00022275
0.00126840,-0.00007778,-0.00023094
0.00126850,-0.00026320,-0.00023052
0.00126860,-0.00013828,-0.00022161
0.00126870,-0.00015780,-0.00020462
0.00126880,-0.00022173,-0.00018025
0.00126890,-0.00006340,-0.00014949
0.00126900,0.00000210,-0.00011354
0.00126910,-0.00000631,-0.00007380
0.00126920,-0.00019147,-0.00003180
0.00126930,-0.00018982,0.00001088
0.00126940,-0.00026149,0.00005263
0.00126950,-0.00032273,0.00009192
0.00126960,-0.00036245,0.00012734
0.00126970,-0.00035270,0.00015763
0.00126980,-0.00037794,0.00018177
0.00126990,-0.00053530,0.00019894
0.00127000,-0.00041852,0.00020862
0.00127010,-0.00035054,0.00021052
0.00127020,-0.00042585,0.00020468
0.00127030,-0.00054973,0.00019135
0.00127040,-0.00023095,0.00017110
0.00127050,-0.00009219,0.00014469
0.00127060,-0.00011550,0.00011315
0.00127070,-0.00004333,0.00007766
0.00127080,-0.00006993,0.00003952
0.00127090,0.00001432,0.00000013
0.00127100,-0.00001268,-0.00003910
0.00127110,0.00002328,-0.00007680
0.00127120,0.00015142,-0.00011169
0.00127130,0.00006524,-0.00014262
0.00127140,0.00004919,-0.00016860
0.00127150,0.00008873,-0.00018885
0.00127160,-0.00002622,-0.00020277
0.00127170,0.00010041,-0.00020999
0.00127180,-0.00016663,-0.00021033
0.00127190,-0.00015138,-0.00020385
0.00127200,-0.00010969,-0.00019081
0.00127210,-0.00021335,-0.00017170
0.00127220,-0.00008458,-0.00014719
0.00127230,-0.00022934,-0.00011813
0.00127240,-0.00027849,-0.00008553
0.00127250,-0.00041881,-0.00005048
0.00127260,-0.00053002,-0.00001413
0.00127270,-0.00056216,0.00002235
0.00127280,-0.00064804,0.00005784
0.00127290,-0.00036235,0.00009130
0.00127300,-0.00034924,0.00012179
0.00127310,-0.00023076,0.00014850
0.00127320,-0.00030673,0.00017075
0.00127330,-0.00023020,0.00018797
0.00127340,-0.00018046,0.00019974
0.00127350,-0.00025175,0.00020573
0.00127360,-0.00015812,0.00020578
0.00127370,-0.00034360,0.00019985
0.00127380,-0.00006582,0.00018811
0.00127390,0.00000052,0.00017087
0.00127400,0.00013723,0.00014864
0.00127410,0.00022043,0.00012208
0.00127420,0.00008881,0.00009200
0.00127430,0.00020074,0.00005932
0.00127440,0.00002924,0.00002505
0.00127450,0.00002946,-0.00000979
0.00127460,0.00007234,-0.00004416
0.00127470,0.00014495,-0.00007706
0.00127480,0.00010841,-0.00010757
0.00127490,0.00001941,-0.00013482
0.00127500,0.00005221,-0.00015807
0.00127510,-0.00004020,-0.00017669
0.00127520,0.00002168,-0.00019017
0.00127530,-0.00006634,-0.00019815
0.00127540,-0.00013616,-0.00020040
0.00127550,-0.00012496,-0.00019688
0.00127560,-0.00035518,-0.00018770
0.00127570,-0.00038787,-0.00017315
0.00127580,-0.00038370,-0.00015369
0.00127590,-0.00032980,-0.00012997
0.00127600,-0.00023428,-0.00010277
0.00127610,-0.00028955,-0.00007300
0.00127620,-0.00043216,-0.00004163
0.00127630,-0.00051621,-0.00000969
0.00127640,-0.00040066,0.00002180
0.00127650,-0.00028655,0.00005186
0.00127660,-0.00027963,0.00007960
0.00127670,-0.00010006,0.00010426
0.00127680,-0.00011317,0.00012521
0.00127690,-0.00013356,0.00014199
0.00127700,-0.00009150,0.00015431
0.00127710,-0.00005474,0.00016204
0.00127720,0.00007085,0.00016521
0.00127730,0.00009196,0.00016395
0.00127740,-0.00000572,0.00015855
0.00127750,0.00006270,0.00014936
0.00127760,0.00018146,0.00013682
0.00127770,0.00004327,0.00012146
0.00127780,0.00003599,0.00010383
0.00127790,0.00017096,0.00008456
0.00127800,0.00013681,0.00006427
0.00127810,0.00003108,0.00004359
0.00127820,-0.00007285,0.00002314
0.00127830,-0.00008619,0.00000350
0.00127840,-0.00021321,-0.00001484
0.00127850,-0.00016260,-0.00003149
0.00127860,-0.00006243,-0.00004617
0.00127870,-0.00009583,-0.00005873
0.00127880,-0.00026979,-0.00006913
0.00127890,-0.00037183,-0.00007748
0.00127900,-0.00058120,-0.00008396
0.00127910,-0.00052288,-0.00008881
0.00127920,-0.00056404,-0.00009231
0.00127930,-0.00029357,-0.00009474
0.00127940,-0.00039238,-0.00009637
0.00127950,-0.00058693,-0.00009738
0.00127960,-0.00049047,-0.00009793
0.00127970,-0.00031620,-0.00009806
0.00127980,-0.00011507,-0.00009775
0.00127990,-0.00035719,-0.00009688
0.00128000,-0.00046714,-0.00009528
0.00128010,-0.00050827,-0.00009271
0.00128020,-0.00040399,-0.00008891
0.00128030,-0.00027550,-0.00008360
0.00128040,-0.00028109,-0.00007650
0.00128050,0.00004430,-0.00006741
0.00128060,0.00009150,-0.00005615
0.00128070,0.00013244,-0.00004264
0.00128080,0.00030510,-0.00002690
0.00128090,0.00018324,-0.00000904
0.00128100,0.00010789,0.00001073
0.00128110,0.00024773,0.00003209
0.00128120,0.00024769,0.00005461
0.00128130,0.00019752,0.00007776
0.00128140,0.00023502,0.00010093
0.00128150,0.00003318,0.00012342
0.00128160,-0.00022627,0.00014447
0.00128170,-0.00026041,0.00016329
0.00128180,-0.00012335,0.00017909
0.00128190,-0.00016865,0.00019112
0.00128200,-0.00031577,0.00019869
0.00128210,-0.00039735,0.00020125
0.00128220,-0.00031176,0.00019835
0.00128230,-0.00008892,0.00018971
0.00128240,-0.00011920,0.00017524
0.00128250,-0.00028390,0.00015500
0.00128260,-0.00041778,0.00012929
0.00128270,-0.00048340,0.00009857
0.00128280,-0.00057314,0.00006353
0.00128290,-0.00048768,0.00002500
0.00128300,-0.00052449,-0.00001600
0.00128310,-0.00036500,-0.00005831
0.00128320,-0.00045318,-0.00010064
0.00128330,-0.00036480,-0.00014165
0.00128340,-0.00019136,-0.00017996
0.00128350,-0.00015609,-0.00021422
0.00128360,0.00002207,-0.00024317
0.00128370,0.00003054,-0.00026566
0.00128380,-0.00007029,-0.00028071
0.00128390,0.00001485,-0.00028758
0.00128400,-0.00001682,-0.00028577
0.00128410,0.00006015,-0.00027508
0.00128420,0.00006670,-0.00025560
0.00128430,0.00012825,-0.00022775
0.00128440,0.00010721,-0.00019224
0.00128450,0.00012379,-0.00015006
0.00128460,0.00020800,-0.00010249
0.00128470,0.00012529,-0.00005096
0.00128480,0.00012159,0.00000290
0.00128490,0.00005845,0.00005741
0.00128500,-0.00005727,0.00011080
0.00128510,-0.00025353,0.00016134
0.00128520,-0.00014240,0.00020732
0.00128530,-0.00010594,0.00024719
0.00128540,-0.00018079,0.00027950
0.00128550,0.00005871,0.00030309
0.00128560,-0.00003968,0.00031706
0.00128570,-0.00021814,0.00032081
0.00128580,-0.00030182,0.00031416
0.00128590,-0.00033680,0.00029724
0.00128600,-0.00037067,0.00027058
0.00128610,-0.00044694,0.00023502
0.00128620,-0.00036650,0.00019173
0.00128630,-0.00025455,0.00014212
0.00128640,-0.00013907,0.00008779
0.00128650,-0.00012525,0.00003050
0.00128660,-0.00018108,-0.00002790
0.00128670,-0.00031187,-0.00008554
0.00128680,-0.00007168,-0.00014057
0.00128690,-0.00011746,-0.00019123
0.00128700,-0.00001174,-0.00023588
0.00128710,0.00015849,-0.00027307
0.00128720,-0.00013338,-0.00030158
0.00128730,0.00001663,-0.00032048
0.00128740,-0.00007641,-0.00032913
0.00128750,-0.00021570,-0.00032724
0.00128760,-0.00005546,-0.00031487
0.00128770,-0.00011234,-0.00029240
0.00128780,-0.00013657,-0.00026055
0.00128790,-0.00012472,-0.00022033
0.00128800,0.00000795,-0.00017301
0.00128810,0.00006068,-0.00012002
0.00128820,-0.00013889,-0.00006298
0.00128830,-0.00023875,-0.00000357
0.00128840,-0.00040190,0.00005643
0.00128850,-0.00051746,0.00011523
0.00128860,-0.00035342,0.00017108
0.00128870,-0.00051161,0.00022229
0.00128880,-0.00053295,0.00026727
0.00128890,-0.00048092,0.00030459
0.00128900,-0.00046625,0.00033305
0.00128910,-0.00042683,0.00035167
0.00128920,-0.00043144,0.00035977
0.00128930,-0.00047008,0.00035699
0.00128940,-0.00046597,0.00034328
0.00128950,-0.00036989,0.00031898
0.00128960,-0.00042163,0.00028475
0.00128970,-0.00043096,0.00024155
0.00128980,-0.00024263,0.00019064
0.00128990,-0.00033183,0.00013351
0.00129000,-0.00021140,0.00007181
0.00129010,-0.00015956,0.00000732
0.00129020,-0.00009985,-0.00005812
0.00129030,-0.00017061,-0.00012262
0.00129040,-0.00021443,-0.00018431
0.00129050,-0.00015180,-0.00024137
0.00129060,-0.00002369,-0.00029207
0.00129070,0.00010047,-0.00033485
0.00129080,0.00026714,-0.00036834
0.00129090,0.00018155,-0.00039141
0.00129100,0.00008095,-0.00040325
0.00129110,0.00003652,-0.00040333
0.00129120,-0.00002079,-0.00039149
0.00129130,0.00000172,-0.00036791
0.00129140,-0.00000745,-0.00033315
0.00129150,-0.00013764,-0.00028812
0.00129160,-0.00011100,-0.00023404
0.00129170,-0.00020219,-0.00017248
0.00129180,-0.00019823,-0.00010522
0.00129190,-0.00020601,-0.00003428
0.00129200,-0.00033786,0.00003821
0.00129210,-0.00038717,0.00011008
0.00129220,-0.00037858,0.00017914
0.00129230,-0.00050123,0.00024333
0.00129240,-0.00050612,0.00030074
0.00129250,-0.00042893,0.00034964
0.00129260,-0.00066821,0.00038858
0.00129270,-0.00050143,0.00041637
0.00129280,-0.00041018,0.00043215
0.00129290,-0.00029637,0.00043536
0.00129300,-0.00027156,0.00042583
0.00129310,-0.00034194,0.00040373
0.00129320,-0.00017600,0.00036961
0.00129330,-0.00028224,0.00032438
0.00129340,-0.00002379,0.00026933
0.00129350,-0.00002972,0.00020607
0.00129360,0.00007894,0.00013649
0.00129370,0.00020334,0.00006272
0.00129380,0.00023251,-0.00001300
0.00129390,0.00021904,-0.00008834
0.00129400,0.00012183,-0.00016102
0.00129410,-0.00005048,-0.00022887
0.00129420,-0.00000516,-0.00028989
0.00129430,0.00010726,-0.00034231
0.00129440,0.00031211,-0.00038465
0.00129450,0.00018830,-0.00041572
0.00129460,0.00010302,-0.00043465
0.00129470,0.00009195,-0.00044093
0.00129480,0.00008285,-0.00043443
0.00129490,0.00003118,-0.00041536
0.00129500,-0.00009558,-0.00038432
0.00129510,-0.00024598,-0.00034224
0.00129520,-0.00011500,-0.00029038
0.00129530,-0.00029373,-0.00023030
0.00129540,-0.00027331,-0.00016380
0.00129550,-0.00030862,-0.00009287
0.00129560,-0.00039922,-0.00001963
0.00129570,-0.00048996,0.00005375
0.00129580,-0.00049485,0.00012511
0.00129590,-0.00035189,0.00019241
0.00129600,-0.00033727,0.00025373
0.00129610,-0.00003409,0.00030737
0.00129620,-0.00024520,0.00035189
0.00129630,-0.00031179,0.00038612
0.00129640,-0.00010281,0.00040918
0.00129650,-0.00027348,0.00042051
0.00129660,-0.00030154,0.00041990
0.00129670,-0.00038402,0.00040744
0.00129680,-0.00018101,0.00038360
0.00129690,-0.00024683,0.00034916
0.00129700,-0.00020549,0.00030521
0.00129710,-0.00018032,0.00025312
0.00129720,-0.00006133,0.00019449
0.00129730,-0.00006360,0.00013109
0.00129740,-0.00004734,0.00006479
0.00129750,0.00000965,-0.00000248
0.00129760,-0.00004451,-0.00006883
0.00129770,0.00013132,-0.00013243
0.00129780,-0.00011452,-0.00019159
0.00129790,0.00000505,-0.00024479
0.00129800,0.00002599,-0.00029072
0.00129810,0.00015482,-0.00032831
0.00129820,0.00008411,-0.00035672
0.00129830,-0.00006816,-0.00037537
0.00129840,-0.00008092,-0.00038394
0.00129850,-0.00017847,-0.00038235
0.00129860,-0.00007713,-0.00037077
0.00129870,-0.00022483,-0.00034961
0.00129880,-0.00026130,-0.00031955
0.00129890,-0.00026702,-0.00028144
0.00129900,-0.00023449,-0.00023637
0.00129910,-0.00041326,-0.00018556
0.00129920,-0.00039143,-0.00013041
0.00129930,-0.00036340,-0.00007242
0.00129940,-0.00019753,-0.00001315
0.00129950,-0.00021964,0.00004579
0.00129960,-0.00024849,0.00010279
0.00129970,-0.00028452,0.00015633
0.00129980,-0.00025868,0.00020495
0.00129990,-0.00009538,0.00024738
0.00130000,-0.00018382,0.00028252
0.00130010,0.00000160,0.00030954
0.00130020,-0.00010243,0.00032783
0.00130030,-0.00025330,0.00033710
0.00130040,-0.00014110,0.00033728
0.00130050,-0.00011830,0.00032860
0.00130060,-0.00014434,0.00031150
0.00130070,0.00005059,0.00028664
0.00130080,0.00000446,0.00025487
0.00130090,-0.00016139,0.00021719
0.00130100,-0.00015866,0.00017476
0.00130110,-0.00022597,0.00012884
0.00130120,-0.00024352,0.00008077
0.00130130,-0.00027379,0.00003197
0.00130140,-0.00036571,-0.00001612
0.00130150,-0.00030489,-0.00006210
0.00130160,-0.00036558,-0.00010461
0.00130170,-0.00037508,-0.00014244
0.00130180,-0.00026081,-0.00017453
0.00130190,-0.00029610,-0.00020006
0.00130200,-0.00021954,-0.00021846
0.00130210,-0.00037195,-0.00022942
0.00130220,-0.00032457,-0.00023291
0.00130230,-0.00005195,-0.00022914
0.00130240,-0.00002072,-0.00021861
0.00130250,0.00011795,-0.00020198
0.00130260,-0.00005646,-0.00018013
0.00130270,-0.00002442,-0.00015408
0.00130280,-0.00008310,-0.00012496
0.00130290,-0.00013486,-0.00009400
0.00130300,-0.00009240,-0.00006244
0.00130310,-0.00004815,-0.00003155
0.00130320,-0.00013465,-0.00000253
0.00130330,-0.00014605,0.00002349
0.00130340,-0.00002442,0.00004551
0.00130350,-0.00008104,0.00006274
0.00130360,0.00012018,0.00007457
0.00130370,0.00011538,0.00008067
0.00130380,0.00007464,0.00008097
0.00130390,0.00010691,0.00007568
0.00130400,0.00007003,0.00006526
0.00130410,0.00021818,0.00005041
0.00130420,-0.00014462,0.00003203
0.00130430,-0.00010208,0.00001118
0.00130440,-0.00015763,-0.00001098
0.00130450,-0.00028156,-0.00003318
0.00130460,-0.00022698,-0.00005416
0.00130470,-0.00012885,-0.00007266
0.00130480,-0.00000869,-0.00008751
0.00130490,-0.00019226,-0.00009767
0.00130500,-0.00007872,-0.00010226
0.00130510,-0.00017325,-0.00010065
0.00130520,-0.00037918,-0.00009245
0.00130530,-0.00021683,-0.00007755
0.00130540,-0.00030278,-0.00005614
0.00130550,-0.00036836,-0.00002873
0.00130560,-0.00021978,0.00000388
0.00130570,-0.00018677,0.00004062
0.00130580,-0.00016194,0.00008019
0.00130590,-0.00007129,0.00012112
0.00130600,-0.00011268,0.00016181
0.00130610,-0.00031566,0.00020062
0.00130620,-0.00034724,0.00023591
0.00130630,-0.00053421,0.00026611
0.00130640,-0.00046357,0.00028977
0.00130650,-0.00032972,0.00030559
0.00130660,-0.00042717,0.00031249
0.00130670,-0.00042886,0.00030966
0.00130680,-0.00031145,0.00029655
0.00130690,-0.00023019,0.00027298
0.00130700,-0.00005414,0.00023910
0.00130710,-0.00019127,0.00019543
0.00130720,-0.00020319,0.00014290
0.00130730,-0.00020938,0.00008275
0.00130740,-0.00043319,0.00001662
0.00130750,-0.00008634,-0.00005360
0.00130760,-0.00007646,-0.00012577
0.00130770,-0.00014098,-0.00019761
0.00130780,-0.00021373,-0.00026678
0.00130790,-0.00037203,-0.00033097
0.00130800,-0.00017696,-0.00038800
0.00130810,-0.00026410,-0.00043586
0.00130820,-0.00021778,-0.00047286
0.00130830,-0.00021000,-0.00049759
0.00130840,-0.00011448,-0.00050903
0.00130850,-0.00003237,-0.00050656
0.00130860,-0.00005733,-0.00048993
0.00130870,0.00003362,-0.00045933
0.00130880,0.00004092,-0.00041534
0.00130890,-0.00015065,-0.00035890
0.00130900,-0.00024069,-0.00029132
0.00130910,-0.00028329,-0.00021426
0.00130920,-0.00015621,-0.00012970
0.00130930,-0.00005301,-0.00003989
0.00130940,0.00005931,0.00005273
0.00130950,-0.00000468,0.00014554
0.00130960,-0.00001604,0.00023591
0.00130970,-0.00015384,0.00032120
0.00130980,-0.00017799,0.00039895
0.00130990,-0.00034894,0.00046687
0.00131000,-0.00052795,0.00052299
0.00131010,-0.00032516,0.00056569
0.00131020,-0.00055494,0.00059375
0.00131030,-0.00048140,0.00060637
0.00131040,-0.00047759,0.00060323
0.00131050,-0.00055313,0.00058445
0.00131060,-0.00039327,0.00055058
0.00131070,-0.00056849,0.00050259
0.00131080,-0.00049672,0.00044182
0.00131090,-0.00044515,0.00036993
0.00131100,-0.00037191,0.00028886
0.00131110,-0.00032614,0.00020078
0.00131120,-0.00038123,0.00010806
0.00131130,-0.00030690,0.00001315
0.00131140,-0.00037865,-0.00008141
0.00131150,-0.00024686,-0.00017312
0.00131160,-0.00011225,-0.00025955
0.00131170,-0.00031468,-0.00033848
0.00131180,-0.00025439,-0.00040788
0.00131190,-0.00009846,-0.00046608
0.00131200,-0.00019442,-0.00051173
0.00131210,-0.00001302,-0.00054388
0.00131220,0.00025222,-0.00056198
0.00131230,0.00014061,-0.00056590
0.00131240,0.00015405,-0.00055591
0.00131250,0.00007992,-0.00053265
0.00131260,-0.00007695,-0.00049712
0.00131270,0.00001513,-0.00045063
0.00131280,-0.00012491,-0.00039476
0.00131290,0.00019560,-0.00033132
0.00131300,0.00031851,-0.00026226
0.00131310,0.00016257,-0.00018963
0.00131320,-0.00000197,-0.00011548
0.00131330,-0.00017396,-0.00004183
0.00131340,-0.00002154,0.00002940
0.00131350,-0.00026115,0.00009648
0.00131360,-0.00020085,0.00015786
0.00131370,-0.00019475,0.00021229
0.00131380,-0.00036754,0.00025879
0.00131390,-0.00037205,0.00029669
0.00131400,-0.00046164,0.00032566
0.00131410,-0.00049487,0.00034568
0.00131420,-0.00064905,0.00035702
0.00131430,-0.00079314,0.00036023
0.00131440,-0.00074068,0.00035605
0.00131450,-0.00063587,0.00034542
0.00131460,-0.00082195,0.00032936
0.00131470,-0.00060987,0.00030893
0.00131480,-0.00073643,0.00028520
0.00131490,-0.00057071,0.00025919
0.00131500,-0.00053549,0.00023182
0.00131510,-0.00057335,0.00020390
0.00131520,-0.00018081,0.00017613
0.00131530,-0.00029070,0.00014903
0.00131540,-0.00012209,0.00012299
0.00131550,-0.00020466,0.00009826
0.00131560,0.00011695,0.00007493
0.00131570,0.00026366,0.00005294
0.00131580,0.00036949,0.00003212
0.00131590,0.00027438,0.00001215
0.00131600,0.00019765,-0.00000737
0.00131610,0.00039964,-0.00002692
0.00131620,0.00021555,-0.00004700
0.00131630,0.00051812,-0.00006807
0.00131640,0.00049075,-0.00009052
0.00131650,0.00042086,-0.00011458
0.00131660,0.00051182,-0.00014031
0.00131670,0.00040866,-0.00016754
0.00131680,0.00046241,-0.00019587
0.00131690,0.00025531,-0.00022470
0.00131700,0.00021324,-0.00025324
0.00131710,-0.00005689,-0.00028054
0.00131720,-0.00008950,-0.00030560
0.00131730,-0.00022559,-0.00032736
0.00131740,-0.00026607,-0.00034474
0.00131750,-0.00039226,-0.00035673
0.00131760,-0.00057942,-0.00036235
0.00131770,-0.00074772,-0.00036076
0.00131780,-0.00089090,-0.00035118
0.00131790,-0.00074277,-0.00033304
0.00131800,-0.00067720,-0.00030591
0.00131810,-0.00075059,-0.00026964
0.00131820,-0.00084274,-0.00022432
0.00131830,-0.00057317,-0.00017038
0.00131840,-0.00060091,-0.00010859
0.00131850,-0.00066266,-0.00004006
0.00131860,-0.00039390,0.00003373
0.00131870,-0.00026941,0.00011103
0.00131880,-0.00015800,0.00018983
0.00131890,-0.00003367,0.00026795
0.00131900,-0.00012086,0.00034314
0.00131910,-0.00017980,0.00041311
0.00131920,-0.00010937,0.00047565
0.00131930,-0.00004051,0.00052869
0.00131940,0.00004215,0.00057035
0.00131950,0.00013201,0.00059901
0.00131960,0.00030359,0.00061335
0.00131970,0.00028862,0.00061243
0.00131980,0.00021899,0.00059568
0.00131990,0.00025799,0.00056299
0.00132000,0.00033542,0.00051467
0.00132010,0.00038176,0.00045151
0.00132020,0.00046081,0.00037479
0.00132030,0.00030799,0.00028619
0.00132040,0.00022452,0.00018785
0.00132050,0.00024828,0.00008227
0.00132060,0.00018518,-0.00002778
0.00132070,0.00004644,-0.00013929
0.00132080,0.00010115,-0.00024919
0.00132090,-0.00003322,-0.00035436
0.00132100,-0.00022692,-0.00045181
0.00132110,-0.00025700,-0.00053874
0.00132120,-0.00039796,-0.00061262
0.00132130,-0.00045704,-0.00067130
0.00132140,-0.00045679,-0.00071306
0.00132150,-0.00055794,-0.00073664
0.00132160,-0.00062502,-0.00074130
0.00132170,-0.00058095,-0.00072684
0.00132180,-0.00047615,-0.00069357
0.00132190,-0.00056145,-0.00064234
0.00132200,-0.00062304,-0.00057449
0.00132210,-0.00049956,-0.00049183
0.00132220,-0.00040047,-0.00039661
0.00132230,-0.00044387,-0.00029143
0.00132240,-0.00039701,-0.00017918
0.00132250,-0.00017128,-0.00006292
0.00132260,-0.00026636,0.00005417
0.00132270,-0.00025178,0.00016894
0.00132280,-0.00017990,0.00027838
0.00132290,-0.00003723,0.00037968
0.00132300,0.00015275,0.00047034
0.00132310,-0.00003180,0.00054818
0.00132320,0.00010137,0.00061145
0.00132330,0.00001215,0.00065878
0.00132340,-0.00005302,0.00068924
0.00132350,-0.00000611,0.00070234
0.00132360,-0.00008235,0.00069802
0.00132370,0.00007706,0.00067665
0.00132380,-0.00007461,0.00063902
0.00132390,-0.00009477,0.00058632
0.00132400,-0.00018202,0.00052014
0.00132410,-0.00002918,0.00044240
0.00132420,-0.00011853,0.00035530
0.00132430,-0.00001900,0.00026128
0.00132440,-0.00000993,0.00016292
0.00132450,-0.00012743,0.00006284
0.00132460,-0.00016989,-0.00003636
0.00132470,-0.00052994,-0.00013220
0.00132480,-0.00063520,-0.00022236
0.00132490,-0.00041833,-0.00030479
0.00132500,-0.00031242,-0.00037772
0.00132510,-0.00023488,-0.00043968
0.00132520,-0.00023141,-0.00048954
0.00132530,-0.00022633,-0.00052650
0.00132540,-0.00042421,-0.00055009
0.00132550,-0.00033458,-0.00056016
0.00132560,-0.00023118,-0.00055686
0.00132570,-0.00027724,-0.00054064
0.00132580,-0.00031383,-0.00051222
0.00132590,-0.00033186,-0.00047256
0.00132600,-0.00014062,-0.00042288
0.00132610,0.00004429,-0.00036457
0.00132620,0.00010641,-0.00029920
0.00132630,-0.00002992,-0.00022848
0.00132640,-0.00007781,-0.00015421
0.00132650,-0.00016012,-0.00007825
0.00132660,-0.00023903,-0.00000247
0.00132670,-0.00004245,0.00007131
0.00132680,-0.00015309,0.00014132
0.00132690,-0.00005779,0.00020596
0.00132700,-0.00006062,0.00026374
0.00132710,0.00009709,0.00031339
0.00132720,0.00006022,0.00035386
0.00132730,-0.00004734,0.00038436
0.00132740,-0.00009272,0.00040439
0.00132750,-0.00041095,0.00041372
0.00132760,-0.00009037,0.00041244
0.00132770,-0.00021892,0.00040088
0.00132780,-0.00025142,0.00037968
0.00132790,-0.00032241,0.00034968
0.00132800,-0.00038534,0.00031196
0.00132810,-0.00044602,0.00026774
0.00132820,-0.00040638,0.00021839
0.00132830,-0.00018519,0.00016537
0.00132840,-0.00027568,0.00011018
0.00132850,-0.00021902,0.00005432
0.00132860,-0.00016790,-0.00000076
0.00132870,-0.00023927,-0.00005368
0.00132880,-0.00024073,-0.00010317
0.00132890,-0.00035605,-0.00014807
0.00132900,-0.00030913,-0.00018737
0.00132910,-0.00027956,-0.00022024
0.00132920,-0.00034736,-0.00024601
0.00132930,-0.00026587,-0.00026426
0.00132940,-0.00052471,-0.00027474
0.00132950,-0.00030784,-0.00027748
0.00132960,-0.00012135,-0.00027272
0.00132970,0.00012214,-0.00026090
0.00132980,0.00021105,-0.00024267
0.00132990,-0.00009985,-0.00021883
0.00133000,-0.00000221,-0.00019027
0.00133010,-0.00010368,-0.00015799
0.00133020,0.00006777,-0.00012304
0.00133030,0.00017369,-0.00008647
0.00133040,0.00004719,-0.00004934
0.00133050,0.00005502,-0.00001269
0.00133060,-0.00003413,0.00002252
0.00133070,-0.00015924,0.00005540
0.00133080,-0.00041902,0.00008516
0.00133090,-0.00010249,0.00011112
0.00133100,-0.00030435,0.00013277
0.00133110,-0.00021417,0.00014969
0.00133120,-0.00017514,0.00016164
0.00133130,-0.00043640,0.00016850
0.00133140,-0.00018365,0.00017028
0.00133150,-0.00017001,0.00016712
0.00133160,-0.00027372,0.00015927
0.00133170,-0.00051412,0.00014706
0.00133180,-0.00043781,0.00013095
0.00133190,-0.00049678,0.00011149
0.00133200,-0.00042973,0.00008934
0.00133210,-0.00040696,0.00006521
0.00133220,-0.00051314,0.00003990
0.00133230,-0.00049440,0.00001425
0.00133240,-0.00035828,-0.00001090
0.00133250,-0.00026881,-0.00003470
0.00133260,-0.00020572,-0.00005638
0.00133270,-0.00025099,-0.00007524
0.00133280,-0.00033284,-0.00009068
0.00133290,-0.00008229,-0.00010224
0.00133300,-0.00003896,-0.00010959
0.00133310,0.00011383,-0.00011258
0.00133320,-0.00000185,-0.00011118
0.00133330,-0.00000681,-0.00010551
0.00133340,-0.00021380,-0.00009582
0.00133350,-0.00006335,-0.00008249
0.00133360,0.00010265,-0.00006597
0.00133370,-0.00001956,-0.00004684
0.00133380,-0.00002632,-0.00002575
0.00133390,-0.00020284,-0.00000346
0.00133400,-0.00008538,0.00001922
0.00133410,-0.00020094,0.00004144
0.00133420,-0.00025115,0.00006233
0.00133430,-0.00026721,0.00008106
0.00133440,-0.00014341,0.00009685
0.00133450,-0.00029991,0.00010904
0.00133460,-0.00019010,0.00011710
0.00133470,-0.00028684,0.00012060
0.00133480,-0.00033614,0.00011930
0.00133490,-0.00042670,0.00011310
0.00133500,-0.00033556,0.00010204
0.00133510,-0.00014167,0.00008635
0.00133520,-0.00035551,0.00006640
0.00133530,-0.00025567,0.00004272
0.00133540,-0.00021441,0.00001600
0.00133550,-0.00023263,-0.00001293
0.00133560,-0.00028920,-0.00004316
0.00133570,-0.00041693,-0.00007366
0.00133580,-0.00041889,-0.00010337
0.00133590,-0.00043320,-0.00013120
0.00133600,-0.00031973,-0.00015609
0.00133610,-0.00032580,-0.00017704
0.00133620,-0.00015994,-0.00019312
0.00133630,-0.00020717,-0.00020355
0.00133640,-0.00018378,-0.00020770
0.00133650,-0.00036306,-0.00020513
0.00133660,-0.00031386,-0.00019558
0.00133670,-0.00014590,-0.00017906
0.00133680,-0.00027975,-0.00015582
0.00133690,-0.00029806,-0.00012633
0.00133700,-0.00016413,-0.00009132
0.00133710,-0.00000203,-0.00005172
0.00133720,0.00003211,-0.00000866
0.00133730,-0.00000469,0.00003662
0.00133740,-0.00005022,0.00008275
0.00133750,0.00019994,0.00012832
0.00133760,0.00013890,0.00017188
0.00133770,0.00006140,0.00021202
0.00133780,0.00017486,0.00024736
0.00133790,0.00001254,0.00027665
0.00133800,0.00000405,0.00029875
0.00133810,-0.00012333,0.00031273
0.00133820,-0.00005513,0.00031786
0.00133830,0.00011977,0.00031371
0.00133840,-0.00001173,0.00030010
0.00133850,0.00007200,0.00027719
0.00133860,-0.00025481,0.00024543
0.00133870,-0.00036432,0.00020558
0.00133880,-0.00049756,0.00015867
0.00133890,-0.00038535,0.00010597
0.00133900,-0.00023251,0.00004898
0.00133910,-0.00013635,-0.00001065
0.00133920,-0.00019746,-0.00007117
0.00133930,-0.00026240,-0.00013074
0.00133940,-0.00019030,-0.00018752
0.00133950,-0.00023498,-0.00023976
0.00133960,-0.00026057,-0.00028579
0.00133970,-0.00027700,-0.00032414
0.00133980,-0.00017258,-0.00035358
0.00133990,-0.00034247,-0.00037315
0.00134000,-0.00040645,-0.00038218
0.00134010,-0.00038191,-0.00038034
0.00134020,-0.00035967,-0.00036763
0.00134030,-0.00018976,-0.00034441
0.00134040,-0.00025398,-0.00031135
0.00134050,-0.00018476,-0.00026941
0.00134060,-0.00038373,-0.00021984
0.00134070,-0.00040055,-0.00016412
0.00134080,-0.00057745,-0.00010387
0.00134090,-0.00033455,-0.00004088
0.00134100,-0.00011317,0.00002303
0.00134110,-0.00025915,0.00008601
0.00134120,-0.00000402,0.00014626
0.00134130,0.00000790,0.00020207
0.00134140,-0.00009853,0.00025192
0.00134150,-0.00022817,0.00029448
0.00134160,-0.00005043,0.00032867
0.00134170,0.00011205,0.00035367
0.00134180,0.00010647,0.00036894
0.00134190,0.00011330,0.00037426
0.00134200,0.00009809,0.00036964
0.00134210,0.00003283,0.00035541
0.00134220,-0.00020241,0.00033212
0.00134230,-0.00002298,0.00030054
0.00134240,-0.00013971,0.00026169
0.00134250,-0.00013999,0.00021671
0.00134260,-0.00012655,0.00016691
0.00134270,-0.00008789,0.00011371
0.00134280,-0.00013650,0.00005854
0.00134290,-0.00023203,0.00000290
0.00134300,-0.00021658,-0.00005178
0.00134310,-0.00027355,-0.00010412
0.00134320,-0.00009186,-0.00015286
0.00134330,-0.00018541,-0.00019688
0.00134340,-0.00040315,-0.00023523
0.00134350,-0.00015302,-0.00026714
0.00134360,-0.00014404,-0.00029205
0.00134370,-0.00011923,-0.00030957
0.00134380,0.00000541,-0.00031951
0.00134390,-0.00021523,-0.00032186
0.00134400,-0.00014426,-0.00031678
0.00134410,-0.00024598,-0.00030461
0.00134420,-0.00009532,-0.00028582
0.00134430,-0.00019767,-0.00026104
0.00134440,-0.00030075,-0.00023101
0.00134450,-0.00025900,-0.00019656
0.00134460,-0.00006554,-0.00015860
0.00134470,0.00007098,-0.00011806
0.00134480,-0.00007536,-0.00007591
0.00134490,0.00007263,-0.00003314
0.00134500,-0.00005899,0.00000931
0.00134510,0.00009858,0.00005050
0.00134520,0.00022655,0.00008958
0.00134530,0.00002122,0.00012574
0.00134540,-0.00000306,0.00015829
0.00134550,-0.00015155,0.00018661
0.00134560,-0.00018455,0.00021021
0.00134570,-0.00035081,0.00022874
0.00134580,-0.00017325,0.00024194
0.00134590,-0.00030137,0.00024973
0.00134600,-0.00034334,0.00025211
0.00134610,-0.00024963,0.00024926
0.00134620,-0.00046338,0.00024145
0.00134630,-0.00016913,0.00022910
0.00134640,-0.00016626,0.00021275
0.00134650,-0.00022577,0.00019303
0.00134660,-0.00026682,0.00017060
0.00134670,-0.00016637,0.00014614
0.00134680,-0.00033301,0.00012031
0.00134690,-0.00027243,0.00009368
0.00134700,-0.00032756,0.00006678
0.00134710,-0.00040524,0.00004008
0.00134720,-0.00013012,0.00001396
0.00134730,-0.00043598,-0.00001122
0.00134740,-0.00031056,-0.00003514
0.00134750,-0.00023347,-0.00005752
0.00134760,-0.00024647,-0.00007812
0.00134770,-0.00007185,-0.00009672
0.00134780,-0.00017137,-0.00011317
0.00134790,0.00004735,-0.00012741
0.00134800,0.00018160,-0.00013943
0.00134810,0.00013440,-0.00014929
0.00134820,0.00030472,-0.00015715
0.00134830,0.00021102,-0.00016321
0.00134840,0.00048610,-0.00016770
0.00134850,0.00017127,-0.00017083
0.00134860,-0.00000979,-0.00017278
0.00134870,-0.00007114,-0.00017365
0.00134880,-0.00020370,-0.00017344
0.00134890,-0.00023130,-0.00017208
0.00134900,-0.00030776,-0.00016939
0.00134910,-0.00019247,-0.00016516
0.00134920,-0.00020021,-0.00015911
0.00134930,-0.00039047,-0.00015100
0.00134940,-0.00046626,-0.00014056
0.00134950,-0.00043257,-0.00012759
0.00134960,-0.00057447,-0.00011192
0.00134970,-0.00046814,-0.00009340
0.00134980,-0.00051029,-0.00007196
0.00134990,-0.00050679,-0.00004758
0.00135000,-0.00058999,-0.00002031
0.00135010,-0.00064366,0.00000972
0.00135020,-0.00061454,0.00004228
0.00135030,-0.00056358,0.00007703
0.00135040,-0.00043480,0.00011347
0.00135050,-0.00060147,0.00015101
0.00135060,-0.00043648,0.00018886
0.00135070,-0.00051992,0.00022611
0.00135080,-0.00038730,0.00026171
0.00135090,-0.00040202,0.00029450
0.00135100,-0.00031999,0.00032325
0.00135110,-0.00004574,0.00034670
0.00135120,-0.00005867,0.00036363
0.00135130,-0.00006001,0.00037293
0.00135140,0.00016093,0.00037364
0.00135150,0.00014870,0.00036504
0.00135160,0.00008327,0.00034668
0.00135170,0.00027514,0.00031843
0.00135180,0.00019937,0.00028045
0.00135190,0.00043176,0.00023325
0.00135200,0.00045049,0.00017760
0.00135210,0.00036107,0.00011457
0.00135220,0.00030428,0.00004545
0.00135230,0.00026718,-0.00002822
0.00135240,0.00022703,-0.00010471
0.00135250,0.00017413,-0.00018213
0.00135260,-0.00002634,-0.00025847
0.00135270,-0.00020953,-0.00033161
0.00135280,-0.00018936,-0.00039943
0.00135290,-0.00021164,-0.00045982
0.00135300,-0.00032587,-0.00051081
0.00135310,-0.00028188,-0.00055063
0.00135320,-0.00044912,-0.00057778
0.00135330,-0.00058624,-0.00059111
0.00135340,-0.00070370,-0.00058985
0.00135350,-0.00076265,-0.00057367
0.00135360,-0.00081116,-0.00054264
0.00135370,-0.00081287,-0.00049726
0.00135380,-0.00054358,-0.00043842
0.00135390,-0.00061706,-0.00036736
0.00135400,-0.00076053,-0.00028568
0.00135410,-0.00076348,-0.00019526
0.00135420,-0.00064492,-0.00009825
0.00135430,-0.00062884,0.00000296
0.00135440,-0.00050607,0.00010585
0.00135450,-0.00031769,0.00020778
0.00135460,-0.00031195,0.00030608
0.00135470,-0.00006477,0.00039816
0.00135480,-0.00001443,0.00048157
0.00135490,0.00010787,0.00055406
0.00135500,0.00001954,0.00061369
0.00135510,0.00009963,0.00065886
0.00135520,0.00034552,0.00068837
0.00135530,0.00030070,0.00070144
0.00135540,0.00031668,0.00069774
0.00135550,0.00033450,0.00067737
0.00135560,0.00036763,0.00064086
0.00135570,0.00041660,0.00058917
0.00135580,0.00052775,0.00052363
0.00135590,0.00044252,0.00044591
0.00135600,0.00035551,0.00035796
0.00135610,0.00008240,0.00026195
0.00135620,-0.00009874,0.00016021
0.00135630,0.00000140,0.00005521
0.00135640,0.00023341,-0.00005058
0.00135650,-0.00001602,-0.00015465
0.00135660,-0.00021093,-0.00025455
0.00135670,-0.00025061,-0.00034797
0.00135680,-0.00026590,-0.00043274
0.00135690,-0.00011381,-0.00050693
0.00135700,-0.00030998,-0.00056889
0.00135710,-0.00021163,-0.00061731
0.00135720,-0.00052328,-0.00065119
0.00135730,-0.00056641,-0.00066994
0.00135740,-0.00057910,-0.00067334
0.00135750,-0.00078939,-0.00066152
0.00135760,-0.00054163,-0.00063499
0.00135770,-0.00054892,-0.00059461
0.00135780,-0.00049971,-0.00054153
0.00135790,-0.00052902,-0.00047717
0.00135800,-0.00041152,-0.00040318
0.00135810,-0.00034378,-0.00032136
0.00135820,-0.00053476,-0.00023366
0.00135830,-0.00032637,-0.00014211
0.00135840,-0.00013274,-0.00004876
0.00135850,-0.00008265,0.00004431
0.00135860,0.00003205,0.00013507
0.00135870,-0.00017959,0.00022156
0.00135880,-0.00002196,0.00030193
0.00135890,-0.00015759,0.00037448
0.00135900,-0.00020736,0.00043771
0.00135910,-0.00002351,0.00049032
0.00135920,-0.00005003,0.00053130
0.00135930,0.00008138,0.00055991
0.00135940,-0.00003001,0.00057568
0.00135950,0.00022434,0.00057849
0.00135960,0.00029526,0.00056851
0.00135970,0.00011883,0.00054619
0.00135980,0.00016122,0.00051226
0.00135990,-0.00001954,0.00046771
0.00136000,0.00003641,0.00041371
0.00136010,0.00004499,0.00035163
0.00136020,-0.00027484,0.00028292
0.00136030,-0.00031841,0.00020917
0.00136040,-0.00023424,0.00013200
0.00136050,-0.00015169,0.00005310
0.00136060,-0.00011605,-0.00002584
0.00136070,-0.00008000,-0.00010313
0.00136080,-0.00034286,-0.00017713
0.00136090,-0.00040411,-0.00024627
0.00136100,-0.00024606,-0.00030913
0.00136110,-0.00015494,-0.00036443
0.00136120,-0.00008434,-0.00041108
0.00136130,-0.00029262,-0.00044821
0.00136140,-0.00035260,-0.00047515
0.00136150,-0.00025040,-0.00049145
0.00136160,-0.00034932,-0.00049688
0.00136170,-0.00037030,-0.00049141
0.00136180,-0.00043018,-0.00047522
0.00136190,-0.00042577,-0.00044869
0.00136200,-0.00031887,-0.00041239
0.00136210,-0.00028123,-0.00036712
0.00136220,-0.00020882,-0.00031387
0.00136230,-0.00009050,-0.00025384
0.00136240,-0.00014561,-0.00018838
0.00136250,-0.00014653,-0.00011899
0.00136260,-0.00015013,-0.00004725
0.00136270,-0.00014018,0.00002521
0.00136280,-0.00017071,0.00009675
0.00136290,-0.00008604,0.00016580
0.00136300,-0.00008948,0.00023085
0.00136310,-0.00000524,0.00029051
0.00136320,-0.00006912,0.00034349
0.00136330,-0.00029439,0.00038868
0.00136340,-0.00031147,0.00042510
0.00136350,-0.00026927,0.00045194
0.00136360,-0.00007151,0.00046854
0.00136370,-0.00010904,0.00047443
0.00136380,0.00005502,0.00046933
0.00136390,0.00015449,0.00045316
0.00136400,-0.00004000,0.00042608
0.00136410,-0.00005900,0.00038851
0.00136420,-0.00000714,0.00034113
0.00136430,-0.00001531,0.00028489
0.00136440,0.00003768,0.00022105
0.00136450,0.00007882,0.00015106
0.00136460,0.00013463,0.00007661
0.00136470,-0.00004394,-0.00000050
0.00136480,-0.00003944,-0.00007836
0.00136490,-0.00008393,-0.00015502
0.00136500,-0.00025035,-0.00022854
0.00136510,-0.00002889,-0.00029704
0.00136520,0.00010758,-0.00035874
0.00136530,-0.00007733,-0.00041199
0.00136540,-0.00012298,-0.00045532
0.00136550,-0.00011246,-0.00048748
0.00136560,-0.00026606,-0.00050744
0.00136570,-0.00020216,-0.00051444
0.00136580,-0.00010006,-0.00050803
0.00136590,-0.00000524,-0.00048806
0.00136600,-0.00007931,-0.00045475
0.00136610,-0.00025844,-0.00040866
0.00136620,-0.00034212,-0.00035075
0.00136630,-0.00015548,-0.00028235
0.00136640,-0.00025592,-0.00020512
0.00136650,-0.00021543,-0.00012102
0.00136660,-0.00018668,-0.00003226
0.00136670,-0.00023125,0.00005879
0.00136680,-0.00028785,0.00014965
0.00136690,-0.00041709,0.00023782
0.00136700,-0.00026794,0.00032085
0.00136710,-0.00041640,0.00039640
0.00136720,-0.00032854,0.00046229
0.00136730,-0.00035154,0.00051655
0.00136740,-0.00029744,0.00055746
0.00136750,-0.00017877,0.00058363
0.00136760,-0.00034552,0.00059399
0.00136770,-0.00030710,0.00058790
0.00136780,-0.00015905,0.00056514
0.00136790,-0.00020074,0.00052598
0.00136800,-0.00002446,0.00047117
0.00136810,-0.00005898,0.00040198
0.00136820,-0.00013142,0.00032011
0.00136830,-0.00004335,0.00022770
0.00136840,-0.00010071,0.00012725
0.00136850,0.00008336,0.00002152
0.00136860,0.00016563,-0.00008650
0.00136870,0.00011862,-0.00019374
0.00136880,0.00000273,-0.00029710
0.00136890,0.00013120,-0.00039353
0.00136900,0.00019013,-0.00048017
0.00136910,0.00021994,-0.00055438
0.00136920,0.00024317,-0.00061385
0.00136930,0.00036275,-0.00065666
0.00136940,0.00046117,-0.00068135
0.00136950,0.00018558,-0.00068696
0.00136960,-0.00003854,-0.00067309
0.00136970,-0.00034103,-0.00063992
0.00136980,-0.00030018,-0.00058821
0.00136990,-0.00023794,-0.00051930
0.00137000,-0.00029883,-0.00043504
0.00137010,-0.00027925,-0.00033776
0.00137020,-0.00035430,-0.00023018
0.00137030,-0.00047670,-0.00011531
0.00137040,-0.00031216,0.00000361
0.00137050,-0.00018247,0.00012323
0.00137060,-0.00020448,0.00024016
0.00137070,-0.00031924,0.00035110
0.00137080,-0.00039595,0.00045290
0.00137090,-0.00032508,0.00054269
0.00137100,-0.00029787,0.00061790
0.00137110,-0.00006072,0.00067639
0.00137120,-0.00019491,0.00071650
0.00137130,-0.00010615,0.00073706
0.00137140,-0.00022501,0.00073748
0.00137150,-0.00024085,0.00071773
0.00137160,-0.00029887,0.00067834
0.00137170,-0.00033293,0.00062045
0.00137180,-0.00017463,0.00054566
0.00137190,-0.00015041,0.00045610
0.00137200,-0.00028502,0.00035426
0.00137210,-0.00037886,0.00024297
0.00137220,-0.00009291,0.00012532
0.00137230,-0.00014951,0.00000452
0.00137240,0.00005813,-0.00011615
0.00137250,-0.00007488,-0.00023345
0.00137260,-0.00004608,-0.00034426
0.00137270,-0.00009180,-0.00044568
0.00137280,-0.00008766,-0.00053506
0.00137290,0.00009924,-0.00061012
0.00137300,-0.00020547,-0.00066895
0.00137310,-0.00002961,-0.00071008
0.00137320,-0.00008902,-0.00073254
0.00137330,0.00004202,-0.00073583
0.00137340,-0.00002226,-0.00071997
0.00137350,-0.00016007,-0.00068549
0.00137360,-0.00003459,-0.00063341
0.00137370,-0.00005237,-0.00056522
0.00137380,-0.00003598,-0.00048281
0.00137390,-0.00000027,-0.00038845
0.00137400,-0.00021746,-0.00028470
0.00137410,-0.00022050,-0.00017438
0.00137420,-0.00028892,-0.00006046
0.00137430,-0.00013106,0.00005403
0.00137440,-0.00014109,0.00016605
0.00137450,-0.00025067,0.00027265
0.00137460,-0.00017799,0.00037109
0.00137470,-0.00026664,0.00045884
0.00137480,-0.00018863,0.00053372
0.00137490,-0.00019286,0.00059391
0.00137500,-0.00021752,0.00063806
0.00137510,-0.00035436,0.00066525
0.00137520,-0.00022639,0.00067507
0.00137530,-0.00017817,0.00066761
0.00137540,-0.00009156,0.00064342
0.00137550,-0.00013434,0.00060351
0.00137560,-0.00035636,0.00054929
0.00137570,-0.00021762,0.00048254
0.00137580,-0.00036076,0.00040532
0.00137590,-0.00029970,0.00031993
0.00137600,-0.00030858,0.00022881
0.00137610,-0.00022747,0.00013451
0.00137620,-0.00021623,0.00003955
0.00137630,-0.00003901,-0.00005363
0.00137640,0.00021527,-0.00014272
0.00137650,-0.00001774,-0.00022564
0.00137660,0.00021331,-0.00030059
0.00137670,0.00002328,-0.00036603
0.00137680,0.00000345,-0.00042074
0.00137690,0.00006655,-0.00046382
0.00137700,0.00009003,-0.00049469
0.00137710,0.00014948,-0.00051311
0.00137720,0.00013782,-0.00051916
0.00137730,0.00018071,-0.00051322
0.00137740,0.00024927,-0.00049597
0.00137750,0.00023407,-0.00046835
0.00137760,0.00010106,-0.00043151
0.00137770,-0.00013613,-0.00038679
0.00137780,-0.00028556,-0.00033562
0.00137790,-0.00028167,-0.00027951
0.00137800,-0.00032192,-0.00022000
0.00137810,-0.00009572,-0.00015857
0.00137820,-0.00035712,-0.00009664
0.00137830,-0.00026374,-0.00003552
0.00137840,-0.00035014,0.00002366
0.00137850,-0.00036661,0.00007987
0.00137860,-0.00032026,0.00013227
0.00137870,-0.00028886,0.00018014
0.00137880,-0.00016812,0.00022291
0.00137890,-0.00013581,0.00026011
0.00137900,-0.00004934,0.00029141
0.00137910,-0.00026508,0.00031654
0.00137920,-0.00018083,0.00033536
0.00137930,-0.00031422,0.00034782
0.00137940,-0.00028498,0.00035400
0.00137950,-0.00034481,0.00035403
0.00137960,-0.00009672,0.00034816
0.00137970,0.00023193,0.00033669
0.00137980,0.00009584,0.00031995
0.00137990,0.00013602,0.00029833
0.00138000,0.00001866,0.00027221
0.00138010,0.00025923,0.00024199
0.00138020,0.00024444,0.00020807
0.00138030,0.00026899,0.00017086
0.00138040,0.00031668,0.00013082
0.00138050,0.00025263,0.00008840
0.00138060,0.00038387,0.00004412
0.00138070,0.00039291,-0.00000143
0.00138080,0.00042829,-0.00004762
0.00138090,0.00023337,-0.00009370
0.00138100,0.00017033,-0.00013888
0.00138110,0.00022861,-0.00018231
0.00138120,0.00006291,-0.00022308
0.00138130,0.00007576,-0.00026030
0.00138140,-0.00004774,-0.00029308
0.00138150,-0.00031473,-0.00032062
0.00138160,-0.00041852,-0.00034216
0.00138170,-0.00040119,-0.00035706
0.00138180,-0.00033685,-0.00036480
0.00138190,-0.00022625,-0.00036498
0.00138200,-0.00024344,-0.00035734
0.00138210,-0.00037179,-0.00034177
0.00138220,-0.00026590,-0.00031831
0.00138230,-0.00042748,-0.00028712
0.00138240,-0.00061357,-0.00024856
0.00138250,-0.00038313,-0.00020316
0.00138260,-0.00032506,-0.00015168
0.00138270,-0.00027556,-0.00009507
0.00138280,0.00010231,-0.00003453
0.00138290,-0.00000684,0.00002853
0.00138300,-0.00013097,0.00009256
0.00138310,-0.00009896,0.00015584
0.00138320,-0.00003194,0.00021666
0.00138330,0.00011610,0.00027329
0.00138340,0.00019126,0.00032410
0.00138350,0.00037442,0.00036756
0.00138360,0.00030833,0.00040235
0.00138370,0.00034017,0.00042733
0.00138380,0.00027715,0.00044162
0.00138390,0.00031155,0.00044458
0.00138400,0.00039435,0.00043584
0.00138410,0.00051047,0.00041536
0.00138420,0.00047838,0.00038341
0.00138430,0.00047680,0.00034056
0.00138440,0.00023885,0.00028775
0.00138450,0.00020382,0.00022621
0.00138460,0.00023971,0.00015749
0.00138470,0.00013055,0.00008342
0.00138480,-0.00011339,0.00000603
0.00138490,-0.00006103,-0.00007245
0.00138500,-0.00012941,-0.00014974
0.00138510,-0.00029137,-0.00022353
0.00138520,-0.00031874,-0.00029159
0.00138530,-0.00041098,-0.00035186
0.00138540,-0.00044277,-0.00040248
0.00138550,-0.00044266,-0.00044188
0.00138560,-0.00053397,-0.00046884
0.00138570,-0.00073647,-0.00048247
0.00138580,-0.00079717,-0.00048230
0.00138590,-0.00064273,-0.00046826
0.00138600,-0.00054568,-0.00044070
0.00138610,-0.00048503,-0.00040039
0.00138620,-0.00032986,-0.00034850
0.00138630,-0.00049638,-0.00028658
0.00138640,-0.00030120,-0.00021646
0.00138650,-0.00033728,-0.00014028
0.00138660,-0.00018089,-0.00006033
0.00138670,-0.00011766,0.00002098
0.00138680,0.00013626,0.00010118
0.00138690,0.00014324,0.00017789
0.00138700,0.00004753,0.00024884
0.00138710,0.00035754,0.00031194
0.00138720,0.00035341,0.00036539
0.00138730,0.00042987,0.00040765
0.00138740,0.00035182,0.00043758
0.00138750,0.00040982,0.00045440
0.00138760,0.00031905,0.00045774
0.00138770,0.00018464,0.00044766
0.00138780,0.00027148,0.00042463
0.00138790,0.00020460,0.00038950
0.00138800,0.00035221,0.00034353
0.00138810,0.00028568,0.00028826
0.00138820,0.00028580,0.00022551
0.00138830,0.00012295,0.00015732
0.00138840,-0.00002984,0.00008585
0.00138850,-0.00005122,0.00001330
0.00138860,-0.00030874,-0.00005812
0.00138870,-0.00030287,-0.00012629
0.00138880,-0.00025630,-0.00018927
0.00138890,-0.00052490,-0.00024530
0.00138900,-0.00054256,-0.00029285
0.00138910,-0.00069955,-0.00033072
0.00138920,-0.00053881,-0.00035799
0.00138930,-0.00052889,-0.00037410
0.00138940,-0.00064181,-0.00037884
0.00138950,-0.00067946,-0.00037239
0.00138960,-0.00056955,-0.00035526
0.00138970,-0.00053843,-0.00032830
0.00138980,-0.00048128,-0.00029267
0.00138990,-0.00047016,-0.00024976
0.00139000,-0.00048620,-0.00020118
0.00139010,-0.00036618,-0.00014866
0.00139020,-0.00033793,-0.00009399
0.00139030,-0.00014009,-0.00003898
0.00139040,-0.00014243,0.00001462
0.00139050,-0.00017202,0.00006518
0.00139060,-0.00005222,0.00011122
0.00139070,0.00007793,0.00015147
0.00139080,0.00027680,0.00018491
0.00139090,0.00028130,0.00021075
0.00139100,0.00034806,0.00022852
0.00139110,0.00038279,0.00023803
0.00139120,0.00040581,0.00023942
0.00139130,0.00035788,0.00023313
0.00139140,0.00028410,0.00021987
0.00139150,0.00036210,0.00020060
0.00139160,0.00033885,0.00017648
0.00139170,0.00035633,0.00014878
0.00139180,0.00033911,0.00011885
0.00139190,0.00018418,0.00008804
0.00139200,0.00018761,0.00005766
0.00139210,0.00007723,0.00002889
0.00139220,0.00007647,0.00000280
0.00139230,0.00000987,-0.00001974
0.00139240,-0.00018515,-0.00003808
0.00139250,-0.00028909,-0.00005176
0.00139260,-0.00059213,-0.00006056
0.00139270,-0.00047924,-0.00006448
0.00139280,-0.00040216,-0.00006375
0.00139290,-0.00042102,-0.00005877
0.00139300,-0.00036596,-0.00005016
0.00139310,-0.00058498,-0.00003868
0.00139320,-0.00039850,-0.00002522
0.00139330,-0.00042501,-0.00001078
0.00139340,-0.00038777,0.00000363
0.00139350,-0.00040140,0.00001701
0.00139360,-0.00038902,0.00002840
0.00139370,-0.00034950,0.00003697
0.00139380,-0.00027507,0.00004204
0.00139390,-0.00020627,0.00004311
0.00139400,-0.00047680,0.00003992
0.00139410,-0.00031877,0.00003240
0.00139420,-0.00022273,0.00002074
0.00139430,0.00002318,0.00000533
0.00139440,0.00009380,-0.00001325
0.00139450,0.00019068,-0.00003424
0.00139460,0.00007593,-0.00005675
0.00139470,-0.00000749,-0.00007981
0.00139480,0.00021523,-0.00010239
0.00139490,0.00019077,-0.00012342
0.00139500,0.00012985,-0.00014188
0.00139510,0.00019046,-0.00015681
0.00139520,0.00015135,-0.00016734
0.00139530,0.00010791,-0.00017276
0.00139540,0.00014427,-0.00017254
0.00139550,0.00005573,-0.00016636
0.00139560,0.00002496,-0.00015413
0.00139570,-0.00003693,-0.00013600
0.00139580,-0.00004036,-0.00011239
0.00139590,-0.00020359,-0.00008393
0.00139600,-0.00014223,-0.00005151
0.00139610,-0.00007991,-0.00001618
0.00139620,-0.00029780,0.00002087
0.00139630,-0.00031254,0.00005835
0.00139640,-0.00033121,0.00009495
0.00139650,-0.00011054,0.00012938
0.00139660,-0.00018831,0.00016041
0.00139670,-0.00009514,0.00018695
0.00139680,-0.00016260,0.00020800
0.00139690,-0.00025431,0.00022277
0.00139700,-0.00030305,0.00023065
0.00139710,-0.00041033,0.00023124
0.00139720,-0.00021215,0.00022437
0.00139730,-0.00021522,0.00021011
0.00139740,-0.00019020,0.00018879
0.00139750,-0.00007259,0.00016100
0.00139760,-0.00003245,0.00012756
0.00139770,0.00015283,0.00008955
0.00139780,-0.00001593,0.00004822
0.00139790,-0.00015231,0.00000498
0.00139800,-0.00017620,-0.00003863
0.00139810,-0.00051464,-0.00008105
0.00139820,-0.00032409,-0.00012071
0.00139830,-0.00033612,-0.00015615
0.00139840,-0.00005374,-0.00018600
0.00139850,-0.00008936,-0.00020909
0.00139860,-0.00016107,-0.00022448
0.00139870,-0.00004513,-0.00023150
0.00139880,-0.00029133,-0.00022981
0.00139890,-0.00017261,-0.00021934
0.00139900,-0.00011675,-0.00020039
0.00139910,-0.00003327,-0.00017354
0.00139920,-0.00012568,-0.00013968
0.00139930,-0.00011953,-0.00009994
0.00139940,0.00000957,-0.00005567
0.00139950,-0.00014779,-0.00000841
0.00139960,-0.00015754,0.00004017
0.00139970,-0.00025180,0.00008832
0.00139980,-0.00024172,0.00013424
0.00139990,-0.00013522,0.00017618
0.00140000,-0.00006910,0.00021247
0.00140010,-0.00006726,0.00024159
0.00140020,-0.00006220,0.00026227
0.00140030,-0.00006784,0.00027353
0.00140040,0.00007432,0.00027469
0.00140050,-0.00004860,0.00026546
0.00140060,0.00004273,0.00024593
0.00140070,0.00014218,0.00021656
0.00140080,0.00007624,0.00017818
0.00140090,0.00013115,0.00013196
0.00140100,-0.00003284,0.00007937
0.00140110,-0.00008499,0.00002214
0.00140120,-0.00006786,-0.00003781
0.00140130,-0.00017083,-0.00009845
0.00140140,-0.00009548,-0.00015767
0.00140150,-0.00007436,-0.00021341
0.00140160,0.00000606,-0.00026369
0.00140170,-0.00010843,-0.00030672
0.00140180,-0.00029431,-0.00034093
0.00140190,-0.00032537,-0.00036506
0.00140200,-0.00029526,-0.00037815
0.00140210,-0.00022311,-0.00037960
0.00140220,-0.00018083,-0.00036916
0.00140230,-0.00008246,-0.00034697
0.00140240,-0.00012974,-0.00031352
0.00140250,0.00001466,-0.00026963
0.00140260,-0.00001411,-0.00021644
0.00140270,-0.00006672,-0.00015540
0.00140280,0.00004192,-0.00008815
0.00140290,-0.00020661,-0.00001655
0.00140300,-0.00023089,0.00005740
0.00140310,-0.00005190,0.00013160
0.00140320,-0.00013182,0.00020394
0.00140330,-0.00002706,0.00027231
0.00140340,-0.00013602,0.00033468
0.00140350,-0.00010124,0.00038916
0.00140360,-0.00010566,0.00043405
0.00140370,-0.00018215,0.00046787
0.00140380,-0.00015133,0.00048946
0.00140390,-0.00031432,0.00049793
0.00140400,-0.00029295,0.00049278
0.00140410,-0.00009099,0.00047389
0.00140420,-0.00022625,0.00044155
0.00140430,-0.00031853,0.00039646
0.00140440,0.00000235,0.00033973
0.00140450,-0.00003173,0.00027283
0.00140460,-0.00026213,0.00019756
0.00140470,-0.00039444,0.00011598
0.00140480,-0.00041758,0.00003034
0.00140490,-0.00033988,-0.00005704
0.00140500,-0.00045311,-0.00014379
0.00140510,-0.00048950,-0.00022760
0.00140520,-0.00043227,-0.00030625
0.00140530,-0.00034775,-0.00037769
0.00140540,-0.00051713,-0.00044005
0.00140550,-0.00041592,-0.00049170
0.00140560,-0.00032632,-0.00053124
0.00140570,-0.00027766,-0.00055758
0.00140580,-0.00027805,-0.00056997
0.00140590,-0.00026728,-0.00056798
0.00140600,-0.00004756,-0.00055162
0.00140610,-0.00017824,-0.00052129
0.00140620,-0.00003108,-0.00047777
0.00140630,0.00003149,-0.00042228
0.00140640,0.00012734,-0.00035632
0.00140650,0.00023673,-0.00028172
0.00140660,0.00020940,-0.00020047
0.00140670,0.00024959,-0.00011472
0.00140680,0.00015731,-0.00002667
0.00140690,-0.00000671,0.00006148
0.00140700,0.00006020,0.00014758
0.00140710,0.00003137,0.00022960
0.00140720,0.00008073,0.00030560
0.00140730,-0.00008834,0.00037381
0.00140740,-0.00003957,0.00043265
0.00140750,-0.00000661,0.00048076
0.00140760,-0.00005210,0.00051704
0.00140770,0.00006534,0.00054068
0.00140780,-0.00024070,0.00055121
0.00140790,-0.00028488,0.00054852
0.00140800,-0.00035994,0.00053286
0.00140810,-0.00027853,0.00050484
0.00140820,-0.00044665,0.00046541
0.00140830,-0.00068353,0.00041579
0.00140840,-0.00049352,0.00035747
0.00140850,-0.00076559,0.00029206
0.00140860,-0.00071117,0.00022133
0.00140870,-0.00061988,0.00014708
0.00140880,-0.00047082,0.00007114
0.00140890,-0.00055646,-0.00000471
0.00140900,-0.00060604,-0.00007872
0.00140910,-0.00052231,-0.00014925
0.00140920,-0.00039652,-0.00021479
0.00140930,-0.00048569,-0.00027397
0.00140940,-0.00037043,-0.00032561
0.00140950,-0.00017713,-0.00036875
0.00140960,-0.00007547,-0.00040267
0.00140970,0.00016710,-0.00042687
0.00140980,0.00015328,-0.00044115
0.00140990,0.00033867,-0.00044552
0.00141000,0.00032156,-0.00044026
0.00141010,0.00030863,-0.00042581
0.00141020,0.00033668,-0.00040284
0.00141030,0.00037815,-0.00037211
0.00141040,0.00017045,-0.00033452
0.00141050,0.00020529,-0.00029107
0.00141060,0.00006287,-0.00024281
0.00141070,-0.00015308,-0.00019083
0.00141080,-0.00001303,-0.00013627
0.00141090,0.00008529,-0.00008027
0.00141100,0.00007084,-0.00002396
0.00141110,-0.00010225,0.00003154
0.00141120,-0.00004042,0.00008516
0.00141130,-0.00019308,0.00013588
0.00141140,-0.00015291,0.00018275
0.00141150,-0.00020537,0.00022490
0.00141160,-0.00017017,0.00026159
0.00141170,-0.00014903,0.00029218
0.00141180,-0.00029166,0.00031619
0.00141190,-0.00044000,0.00033330
0.00141200,-0.00052669,0.00034336
0.00141210,-0.00065985,0.00034635
0.00141220,-0.00068348,0.00034238
0.00141230,-0.00062881,0.00033167
0.00141240,-0.00045680,0.00031452
0.00141250,-0.00020844,0.00029127
0.00141260,-0.00053817,0.00026234
0.00141270,-0.00057849,0.00022823
0.00141280,-0.00063510,0.00018952
0.00141290,-0.00055566,0.00014688
0.00141300,-0.00046239,0.00010112
0.00141310,-0.00027366,0.00005316
0.00141320,-0.00010855,0.00000403
0.00141330,-0.00013319,-0.00004514
0.00141340,-0.00012068,-0.00009318
0.00141350,-0.00017596,-0.00013890
0.00141360,0.00006495,-0.00018114
0.00141370,0.00008545,-0.00021882
0.00141380,0.00024870,-0.00025096
0.00141390,0.00003137,-0.00027671
0.00141400,0.00010565,-0.00029542
0.00141410,0.00006638,-0.00030660
0.00141420,-0.00014491,-0.00030998
0.00141430,-0.00000060,-0.00030545
0.00141440,-0.00010127,-0.00029315
0.00141450,-0.00005545,-0.00027337
0.00141460,-0.00007248,-0.00024661
0.00141470,-0.00015561,-0.00021355
0.00141480,-0.00008678,-0.00017506
0.00141490,-0.00021274,-0.00013214
0.00141500,-0.00023273,-0.00008597
0.00141510,-0.00019491,-0.00003785
0.00141520,-0.00015544,0.00001084
0.00141530,-0.00026436,0.00005866
0.00141540,-0.00006911,0.00010418
0.00141550,-0.00002971,0.00014601
0.00141560,-0.00000237,0.00018286
0.00141570,-0.00006156,0.00021360
0.00141580,-0.00030528,0.00023728
0.00141590,-0.00019767,0.00025316
0.00141600,-0.00028028,0.00026075
0.00141610,-0.00012724,0.00025983
0.00141620,-0.00001235,0.00025045
0.00141630,0.00000597,0.00023292
0.00141640,-0.00013409,0.00020781
0.00141650,-0.00020224,0.00017596
0.00141660,0.00002922,0.00013842
0.00141670,0.00013823,0.00009647
0.00141680,0.00004947,0.00005152
0.00141690,0.00004347,0.00000514
0.00141700,0.00006116,-0.00004106
0.00141710,-0.00000793,-0.00008545
0.00141720,0.00012106,-0.00012647
0.00141730,0.00018560,-0.00016264
0.00141740,0.00007106,-0.00019265
0.00141750,0.00010028,-0.00021540
0.00141760,0.00010233,-0.00023000
0.00141770,-0.00007589,-0.00023584
0.00141780,-0.00003071,-0.00023260
0.00141790,-0.00026973,-0.00022026
0.00141800,-0.00026662,-0.00019908
0.00141810,-0.00015771,-0.00016965
0.00141820,-0.00030368,-0.00013284
0.00141830,-0.00010246,-0.00008980
0.00141840,-0.00039393,-0.00004190
0.00141850,-0.00034531,0.00000925
0.00141860,-0.00047839,0.00006190
0.00141870,-0.00049705,0.00011419
0.00141880,-0.00018970,0.00016423
0.00141890,-0.00028904,0.00021014
0.00141900,-0.00037427,0.00025013
0.00141910,-0.00047835,0.00028256
0.00141920,-0.00032982,0.00030604
0.00141930,-0.00026873,0.00031941
0.00141940,-0.00021388,0.00032186
0.00141950,-0.00009031,0.00031294
0.00141960,-0.00004574,0.00029259
0.00141970,-0.00034129,0.00026114
0.00141980,-0.00001569,0.00021933
0.00141990,-0.00007445,0.00016828
0.00142000,-0.00007641,0.00010943
0.00142010,-0.00000119,0.00004451
0.00142020,0.00001483,-0.00002451
0.00142030,0.00010853,-0.00009552
0.00142040,0.00016055,-0.00016634
0.00142050,0.00017803,-0.00023474
0.00142060,-0.00000057,-0.00029853
0.00142070,0.00000665,-0.00035560
0.00142080,-0.00008648,-0.00040398
0.00142090,0.00005853,-0.00044185
0.00142100,0.00010991,-0.00046769
0.00142110,0.00008240,-0.00048026
0.00142120,0.00005412,-0.00047869
0.00142130,-0.00026317,-0.00046257
0.00142140,-0.00012317,-0.00043193
0.00142150,-0.00027451,-0.00038733
0.00142160,-0.00007758,-0.00032979
0.00142170,-0.00003460,-0.00026081
0.00142180,-0.00023100,-0.00018229
0.00142190,-0.00017425,-0.00009647
0.00142200,-0.00033438,-0.00000584
0.00142210,-0.00025929,0.00008693
0.00142220,-0.00025423,0.00017910
0.00142230,-0.00030135,0.00026792
0.00142240,-0.00020673,0.00035075
0.00142250,-0.00038516,0.00042511
0.00142260,-0.00037732,0.00048878
0.00142270,-0.00023594,0.00053981
0.00142280,-0.00032244,0.00057661
0.00142290,-0.00027979,0.00059799
0.00142300,-0.00023807,0.00060316
0.00142310,-0.00017184,0.00059180
0.00142320,-0.00009710,0.00056404
0.00142330,-0.00008807,0.00052053
0.00142340,-0.00022279,0.00046234
0.00142350,-0.00023593,0.00039103
0.00142360,-0.00009399,0.00030856
0.00142370,-0.00016164,0.00021724
0.00142380,0.00001267,0.00011966
0.00142390,-0.00017303,0.00001859
0.00142400,-0.00021052,-0.00008310
0.00142410,-0.00016068,-0.00018252
0.00142420,-0.00005768,-0.00027690
0.00142430,0.00001090,-0.00036362
0.00142440,-0.00006502,-0.00044032
0.00142450,-0.00002291,-0.00050495
0.00142460,-0.00019346,-0.00055582
0.00142470,-0.00010425,-0.00059164
0.00142480,-0.00018238,-0.00061158
0.00142490,-0.00014702,-0.00061522
0.00142500,-0.00002911,-0.00060261
0.00142510,0.00000833,-0.00057425
0.00142520,-0.00011611,-0.00053108
0.00142530,-0.00021808,-0.00047444
0.00142540,-0.00003864,-0.00040604
0.00142550,-0.00019677,-0.00032791
0.00142560,-0.00005179,-0.00024236
0.00142570,-0.00007004,-0.00015186
0.00142580,-0.00020626,-0.00005902
0.00142590,-0.00025957,0.00003354
0.00142600,-0.00033398,0.00012325
0.00142610,-0.00027436,0.00020768
0.00142620,-0.00005105,0.00028463
0.00142630,0.00016335,0.00035216
0.00142640,0.00002211,0.00040864
0.00142650,-0.00011804,0.00045281
0.00142660,-0.00010603,0.00048378
0.00142670,0.00005955,0.00050106
0.00142680,0.00002714,0.00050451
0.00142690,-0.00010928,0.00049441
0.00142700,-0.00009373,0.00047140
0.00142710,-0.00003530,0.00043649
0.00142720,-0.00014386,0.00039106
0.00142730,-0.00025453,0.00033678
0.00142740,-0.00016169,0.00027559
0.00142750,-0.00027966,0.00020964
0.00142760,-0.00006956,0.00014112
0.00142770,-0.00012608,0.00007225
0.00142780,-0.00018695,0.00000516
0.00142790,-0.00018558,-0.00005821
0.00142800,-0.00018758,-0.00011616
0.00142810,-0.00007585,-0.00016724
0.00142820,-0.00022953,-0.00021034
0.00142830,-0.00017422,-0.00024468
0.00142840,-0.00015076,-0.00026977
0.00142850,-0.00005132,-0.00028548
0.00142860,-0.00003135,-0.00029195
0.00142870,0.00004212,-0.00028966
0.00142880,0.00009982,-0.00027931
0.00142890,-0.00007238,-0.00026185
0.00142900,-0.00007960,-0.00023842
0.00142910,-0.00014939,-0.00021030
0.00142920,-0.00019670,-0.00017882
0.00142930,-0.00007473,-0.00014538
0.00142940,-0.00007737,-0.00011131
0.00142950,-0.00005939,-0.00007788
0.00142960,-0.00001296,-0.00004624
0.00142970,-0.00015170,-0.00001739
0.00142980,-0.00000706,0.00000787
0.00142990,-0.00002046,0.00002892
0.00143000,-0.00009293,0.00004539
0.00143010,-0.00011038,0.00005711
0.00143020,-0.00016656,0.00006416
0.00143030,-0.00018514,0.00006681
0.00143040,-0.00009728,0.00006553
0.00143050,-0.00000855,0.00006097
0.00143060,-0.00007664,0.00005386
0.00143070,-0.00004429,0.00004502
0.00143080,-0.00020944,0.00003528
0.00143090,-0.00022969,0.00002545
0.00143100,-0.00028290,0.00001629
0.00143110,-0.00011253,0.00000848
0.00143120,-0.00007261,0.00000257
0.00143130,-0.00029986,-0.00000100
0.00143140,-0.00009925,-0.00000192
0.00143150,-0.00016592,-0.00000005
0.00143160,-0.00003817,0.00000463
0.00143170,-0.00021826,0.00001201
0.00143180,-0.00024149,0.00002184
0.00143190,-0.00014678,0.00003378
0.00143200,-0.00028733,0.00004738
0.00143210,-0.00020360,0.00006208
0.00143220,0.00002981,0.00007726
0.00143230,0.00009401,0.00009223
0.00143240,-0.00015561,0.00010627
0.00143250,-0.00026367,0.00011863
0.00143260,-0.00024510,0.00012860
0.00143270,-0.00035305,0.00013553
0.00143280,-0.00030668,0.00013886
0.00143290,-0.00031184,0.00013812
0.00143300,-0.00052741,0.00013301
0.00143310,-0.00049308,0.00012339
0.00143320,-0.00035342,0.00010927
0.00143330,-0.00034297,0.00009084
0.00143340,-0.00022219,0.00006846
0.00143350,-0.00027585,0.00004260
0.00143360,-0.00018628,0.00001391
0.00143370,-0.00034962,-0.00001688
0.00143380,-0.00038923,-0.00004895
0.00143390,-0.00017560,-0.00008142
0.00143400,-0.00034726,-0.00011334
0.00143410,-0.00012817,-0.00014380
0.00143420,-0.00018254,-0.00017186
0.00143430,-0.00003971,-0.00019663
0.00143440,0.00013415,-0.00021729
0.00143450,0.00022980,-0.00023310
0.00143460,0.00042853,-0.00024348
0.00143470,0.00023513,-0.00024795
0.00143480,0.00006797,-0.00024625
0.00143490,0.00001131,-0.00023826
0.00143500,-0.00005204,-0.00022408
0.00143510,-0.00012178,-0.00020396
0.00143520,-0.00000997,-0.00017833
0.00143530,-0.00005143,-0.00014773
0.00143540,-0.00008067,-0.00011286
0.00143550,0.00019447,-0.00007453
0.00143560,-0.00002836,-0.00003366
0.00143570,0.00014881,0.00000875
0.00143580,0.00009493,0.00005163
0.00143590,-0.00008278,0.00009388
0.00143600,-0.00012391,0.00013443
0.00143610,-0.00016175,0.00017225
0.00143620,-0.00025135,0.00020639
0.00143630,-0.00036816,0.00023601
0.00143640,-0.00036924,0.00026042
0.00143650,-0.00029879,0.00027906
0.00143660,-0.00029023,0.00029151
0.00143670,-0.00036949,0.00029753
0.00143680,-0.00044390,0.00029702
0.00143690,-0.00054354,0.00029001
0.00143700,-0.00034576,0.00027666
0.00143710,-0.00029429,0.00025726
0.00143720,-0.00023700,0.00023221
0.00143730,-0.00027196,0.00020202
0.00143740,-0.00044169,0.00016733
0.00143750,-0.00039053,0.00012888
0.00143760,-0.00053354,0.00008753
0.00143770,-0.00049991,0.00004418
0.00143780,-0.00060796,-0.00000018
0.00143790,-0.00053489,-0.00004455
0.00143800,-0.00044436,-0.00008797
0.00143810,-0.00026763,-0.00012952
0.00143820,-0.00031361,-0.00016837
0.00143830,-0.00020246,-0.00020379
0.00143840,0.00004816,-0.00023515
0.00143850,-0.00006380,-0.00026195
0.00143860,0.00002842,-0.00028378
0.00143870,0.00007002,-0.00030033
0.00143880,0.00008383,-0.00031136
0.00143890,0.00008312,-0.00031670
0.00143900,0.00029240,-0.00031625
0.00143910,0.00030687,-0.00030998
0.00143920,0.00035756,-0.00029794
0.00143930,0.00039981,-0.00028026
0.00143940,0.00010108,-0.00025715
0.00143950,0.00013766,-0.00022889
0.00143960,0.00000534,-0.00019590
0.00143970,0.00001762,-0.00015866
0.00143980,0.00004428,-0.00011774
0.00143990,0.00017364,-0.00007381
0.00144000,0.00011625,-0.00002761
0.00144010,0.00009163,0.00002007
0.00144020,0.00010081,0.00006838
0.00144030,-0.00016782,0.00011644
0.00144040,-0.00016796,0.00016337
0.00144050,-0.00052990,0.00020826
0.00144060,-0.00040616,0.00025022
0.00144070,-0.00048674,0.00028838
0.00144080,-0.00069873,0.00032189
0.00144090,-0.00045805,0.00034996
0.00144100,-0.00059936,0.00037185
0.00144110,-0.00062086,0.00038691
0.00144120,-0.00058996,0.00039456
0.00144130,-0.00046084,0.00039438
0.00144140,-0.00054049,0.00038609
0.00144150,-0.00051118,0.00036956
0.00144160,-0.00053290,0.00034483
0.00144170,-0.00052567,0.00031213
0.00144180,-0.00040358,0.00027185
0.00144190,-0.00036880,0.00022452
0.00144200,-0.00032600,0.00017085
0.00144210,-0.00032386,0.00011167
0.00144220,-0.00038418,0.00004799
0.00144230,-0.00016530,-0.00001904
0.00144240,-0.00003189,-0.00008807
0.00144250,0.00010594,-0.00015764
0.00144260,0.00009116,-0.00022614
0.00144270,0.00010426,-0.00029183
0.00144280,0.00036045,-0.00035297
0.00144290,0.00030476,-0.00040781
0.00144300,0.00014347,-0.00045469
0.00144310,0.00017466,-0.00049209
0.00144320,0.00022403,-0.00051868
0.00144330,0.00005875,-0.00053339
0.00144340,0.00015546,-0.00053544
0.00144350,-0.00001968,-0.00052433
0.00144360,0.00011116,-0.00049991
0.00144370,0.00016040,-0.00046238
0.00144380,0.00011788,-0.00041226
0.00144390,-0.00008837,-0.00035042
0.00144400,-0.00020259,-0.00027809
0.00144410,-0.00016568,-0.00019681
0.00144420,-0.00037304,-0.00010843
0.00144430,-0.00038964,-0.00001511
0.00144440,-0.00054990,0.00008079
0.00144450,-0.00039651,0.00017672
0.00144460,-0.00028006,0.00027006
0.00144470,-0.00027195,0.00035813
0.00144480,-0.00046684,0.00043834
0.00144490,-0.00049394,0.00050825
0.00144500,-0.00055738,0.00056563
0.00144510,-0.00053343,0.00060858
0.00144520,-0.00048967,0.00063558
0.00144530,-0.00034386,0.00064556
0.00144540,-0.00014889,0.00063795
0.00144550,-0.00022761,0.00061267
0.00144560,-0.00038561,0.00057022
0.00144570,-0.00043335,0.00051158
0.00144580,-0.00007896,0.00043826
0.00144590,-0.00012070,0.00035220
0.00144600,-0.00001773,0.00025576
0.00144610,0.00002521,0.00015160
0.00144620,-0.00018821,0.00004267
0.00144630,-0.00006442,-0.00006793
0.00144640,-0.00018436,-0.00017705
0.00144650,0.00014028,-0.00028154
0.00144660,0.00017025,-0.00037835
0.00144670,0.00004220,-0.00046467
0.00144680,0.00014903,-0.00053797
0.00144690,0.00006865,-0.00059609
0.00144700,0.00013129,-0.00063730
0.00144710,-0.00000201,-0.00066034
0.00144720,0.00008563,-0.00066451
0.00144730,0.00001279,-0.00064963
0.00144740,-0.00002659,-0.00061608
0.00144750,0.00016736,-0.00056479
0.00144760,0.00007329,-0.00049724
0.00144770,-0.00016595,-0.00041541
0.00144780,-0.00029729,-0.00032171
0.00144790,-0.00016424,-0.00021894
0.00144800,-0.00006150,-0.00011020
0.00144810,-0.00010463,0.00000123
0.00144820,-0.00020763,0.00011197
0.00144830,-0.00036657,0.00021865
0.00144840,-0.00038467,0.00031804
0.00144850,-0.00023608,0.00040714
0.00144860,-0.00014581,0.00048330
0.00144870,-0.00030134,0.00054428
0.00144880,-0.00016774,0.00058834
0.00144890,-0.00010160,0.00061426
0.00144900,-0.00011356,0.00062138
0.00144910,0.00001241,0.00060963
0.00144920,-0.00021556,0.00057949
0.00144930,-0.00022137,0.00053200
0.00144940,-0.00003946,0.00046873
0.00144950,-0.00011421,0.00039174
0.00144960,-0.00021615,0.00030352
0.00144970,-0.00019976,0.00020689
0.00144980,-0.00034190,0.00010495
0.00144990,-0.00015195,0.00000093
0.00145000,-0.00007775,-0.00010189
0.00145010,-0.00008441,-0.00020030
0.00145020,0.00008441,-0.00029128
0.00145030,0.00004484,-0.00037206
0.00145040,0.00013424,-0.00044022
0.00145050,-0.00020936,-0.00049377
0.00145060,0.00001533,-0.00053113
0.00145070,-0.00001402,-0.00055125
0.00145080,-0.00029245,-0.00055360
0.00145090,-0.00011326,-0.00053817
0.00145100,-0.00019786,-0.00050554
0.00145110,-0.00015779,-0.00045682
0.00145120,-0.00026120,-0.00039368
0.00145130,-0.00020703,-0.00031824
0.00145140,-0.00004225,-0.00023305
0.00145150,-0.00012659,-0.00014100
0.00145160,-0.00012637,-0.00004516
0.00145170,-0.00033987,0.00005126
0.00145180,-0.00022094,0.00014510
0.00145190,-0.00013124,0.00023330
0.00145200,-0.00009427,0.00031306
0.00145210,-0.00000590,0.00038184
0.00145220,-0.00004063,0.00043754
0.00145230,-0.00010415,0.00047848
0.00145240,-0.00010479,0.00050348
0.00145250,-0.00006849,0.00051189
0.00145260,-0.00006246,0.00050357
0.00145270,0.00002049,0.00047895
0.00145280,-0.00021692,0.00043897
0.00145290,-0.00015140,0.00038505
0.00145300,-0.00025051,0.00031908
0.00145310,-0.00004925,0.00024329
0.00145320,-0.00005250,0.00016027
0.00145330,-0.00007901,0.00007278
0.00145340,-0.00013344,-0.00001629
0.00145350,-0.00023486,-0.00010403
0.00145360,-0.00012962,-0.00018764
0.00145370,-0.00003420,-0.00026448
0.00145380,-0.00011867,-0.00033220
0.00145390,-0.00012321,-0.00038879
0.00145400,-0.00003094,-0.00043265
0.00145410,-0.00016074,-0.00046263
0.00145420,-0.00010821,-0.00047804
0.00145430,-0.00017217,-0.00047868
0.00145440,-0.00017088,-0.00046482
0.00145450,-0.00014869,-0.00043715
0.00145460,-0.00003517,-0.00039679
0.00145470,0.00006784,-0.00034520
0.00145480,0.00000101,-0.00028416
0.00145490,0.00006742,-0.00021572
0.00145500,0.00009989,-0.00014212
0.00145510,0.00000073,-0.00006571
0.00145520,-0.00021872,0.00001110
0.00145530,0.00003459,0.00008595
0.00145540,0.00001338,0.00015660
0.00145550,-0.00005121,0.00022100
0.00145560,-0.00012535,0.00027740
0.00145570,-0.00026073,0.00032434
0.00145580,-0.00027628,0.00036074
0.00145590,-0.00025837,0.00038590
0.00145600,-0.00027254,0.00039950
0.00145610,-0.00030823,0.00040161
0.00145620,-0.00024495,0.00039262
0.00145630,-0.00036002,0.00037329
0.00145640,-0.00020703,0.00034462
0.00145650,-0.00021419,0.00030787
0.00145660,-0.00009005,0.00026447
0.00145670,-0.00031436,0.00021600
0.00145680,-0.00009833,0.00016409
0.00145690,0.00005198,0.00011039
0.00145700,-0.00020647,0.00005652
0.00145710,-0.00008225,0.00000401
0.00145720,-0.00005926,-0.00004576
0.00145730,0.00002547,-0.00009157
0.00145740,-0.00009877,-0.00013239
0.00145750,-0.00014332,-0.00016744
0.00145760,-0.00020370,-0.00019616
0.00145770,-0.00016012,-0.00021825
0.00145780,-0.00017800,-0.00023365
0.00145790,-0.00002796,-0.00024250
0.00145800,-0.00007166,-0.00024515
0.00145810,-0.00012935,-0.00024213
0.00145820,-0.00014562,-0.00023409
0.00145830,0.00003760,-0.00022178
0.00145840,0.00005572,-0.00020604
0.00145850,-0.00016516,-0.00018772
0.00145860,-0.00016338,-0.00016766
0.00145870,-0.00021634,-0.00014668
0.00145880,-0.00012982,-0.00012551
0.00145890,-0.00005147,-0.00010479
0.00145900,0.00000547,-0.00008504
0.00145910,-0.00016328,-0.00006663
0.00145920,-0.00001226,-0.00004982
0.00145930,-0.00001219,-0.00003471
0.00145940,-0.00014142,-0.00002125
0.00145950,-0.00032472,-0.00000928
0.00145960,-0.00030836,0.00000152
0.00145970,-0.00019605,0.00001152
0.00145980,-0.00036200,0.00002119
0.00145990,-0.00022869,0.00003100
0.00146000,-0.00036752,0.00004141
0.00146010,-0.00036342,0.00005284
0.00146020,-0.00042715,0.00006561
0.00146030,-0.00035838,0.00007992
0.00146040,-0.00043699,0.00009585
0.00146050,-0.00052770,0.00011329
0.00146060,-0.00031863,0.00013198
0.00146070,-0.00046957,0.00015149
0.00146080,-0.00025809,0.00017125
0.00146090,-0.00019809,0.00019051
0.00146100,-0.00026520,0.00020847
0.00146110,-0.00019653,0.00022419
0.00146120,-0.00006981,0.00023676
0.00146130,-0.00008672,0.00024522
0.00146140,0.00014309,0.00024871
0.00146150,0.00013725,0.00024645
0.00146160,0.00003556,0.00023781
0.00146170,0.00008829,0.00022235
0.00146180,0.00018395,0.00019981
0.00146190,0.00023088,0.00017020
0.00146200,0.00020089,0.00013378
0.00146210,0.00027291,0.00009108
0.00146220,0.00022566,0.00004290
0.00146230,0.00024938,-0.00000969
0.00146240,0.00001569,-0.00006539
0.00146250,0.00003383,-0.00012268
0.00146260,-0.00007457,-0.00017990
0.00146270,0.00001323,-0.00023529
0.00146280,-0.00002767,-0.00028708
0.00146290,0.00004735,-0.00033353
0.00146300,0.00014639,-0.00037303
0.00146310,-0.00005818,-0.00040412
0.00146320,0.00005921,-0.00042557
0.00146330,-0.00020264,-0.00043643
0.00146340,-0.00025537,-0.00043602
0.00146350,-0.00038500,-0.00042400
0.00146360,-0.00025483,-0.00040037
0.00146370,-0.00034057,-0.00036548
0.00146380,-0.00033189,-0.00032002
0.00146390,-0.00032134,-0.00026502
0.00146400,-0.00039851,-0.00020180
0.00146410,-0.00021398,-0.00013198
0.00146420,-0.00014013,-0.00005740
0.00146430,-0.00026825,0.00001989
0.00146440,-0.00032317,0.00009773
0.00146450,-0.00034256,0.00017389
0.00146460,-0.00021966,0.00024620
0.00146470,-0.00003489,0.00031258
0.00146480,-0.00039052,0.00037112
0.00146490,-0.00015737,0.00042019
0.00146500,-0.00014487,0.00045843
0.00146510,-0.00002746,0.00048479
0.00146520,0.00014655,0.00049857
0.00146530,-0.00003229,0.00049935
0.00146540,0.00018860,0.00048706
0.00146550,-0.00016422,0.00046196
0.00146560,-0.00000769,0.00042464
0.00146570,0.00008154,0.00037604
0.00146580,0.00021986,0.00031745
0.00146590,0.00032220,0.00025049
0.00146600,0.00014601,0.00017709
0.00146610,0.00005606,0.00009938
0.00146620,-0.00015932,0.00001967
0.00146630,-0.00010670,-0.00005965
0.00146640,-0.00015847,-0.00013623
0.00146650,-0.00013535,-0.00020785
0.00146660,-0.00012812,-0.00027248
0.00146670,-0.00008861,-0.00032832
0.00146680,0.00004261,-0.00037394
0.00146690,-0.00003051,-0.00040819
0.00146700,-0.00010054,-0.00043031
0.00146710,-0.00010426,-0.00043989
0.00146720,-0.00025035,-0.00043689
0.00146730,-0.00020487,-0.00042161
0.00146740,-0.00023857,-0.00039471
0.00146750,-0.00003773,-0.00035719
0.00146760,-0.00019058,-0.00031034
0.00146770,-0.00017142,-0.00025575
0.00146780,-0.00024152,-0.00019525
0.00146790,-0.00027543,-0.00013085
0.00146800,-0.00012451,-0.00006467
0.00146810,-0.00012148,0.00000113
0.00146820,-0.00002533,0.00006444
0.00146830,-0.00007714,0.00012330
0.00146840,-0.00008633,0.00017595
0.00146850,-0.00000773,0.00022090
0.00146860,-0.00020670,0.00025695
0.00146870,-0.00023196,0.00028328
0.00146880,-0.00029929,0.00029937
0.00146890,-0.00023765,0.00030509
0.00146900,-0.00011587,0.00030061
0.00146910,-0.00028918,0.00028644
0.00146920,-0.00006385,0.00026335
0.00146930,-0.00015536,0.00023235
0.00146940,0.00001748,0.00019468
0.00146950,0.00002877,0.00015172
0.00146960,0.00000257,0.00010501
0.00146970,0.00004874,0.00005619
0.00146980,-0.00021194,0.00000698
0.00146990,0.00001100,-0.00004088
0.00147000,0.00006997,-0.00008570
0.00147010,-0.00012613,-0.00012586
0.00147020,-0.00003581,-0.00015993
0.00147030,-0.00020603,-0.00018671
0.00147040,-0.00004584,-0.00020530
0.00147050,0.00000007,-0.00021510
0.00147060,-0.00016701,-0.00021592
0.00147070,0.00011993,-0.00020789
0.00147080,0.00009214,-0.00019151
0.00147090,0.00001848,-0.00016758
0.00147100,0.00012617,-0.00013716
0.00147110,0.00006882,-0.00010154
0.00147120,-0.00013022,-0.00006218
0.00147130,-0.00020886,-0.00002061
0.00147140,-0.00005673,0.00002155
0.00147150,-0.00002849,0.00006271
0.00147160,-0.00000540,0.00010132
0.00147170,-0.00010142,0.00013596
0.00147180,-0.00013774,0.00016532
0.00147190,-0.00032849,0.00018834
0.00147200,-0.00012743,0.00020417
0.00147210,-0.00013693,0.00021226
0.00147220,-0.00021517,0.00021236
0.00147230,-0.00022012,0.00020453
0.00147240,-0.00025999,0.00018914
0.00147250,-0.00031696,0.00016684
0.00147260,-0.00042443,0.00013854
0.00147270,-0.00015743,0.00010533
0.00147280,-0.00014190,0.00006844
0.00147290,-0.00002654,0.00002920
0.00147300,-0.00022408,-0.00001104
0.00147310,-0.00044903,-0.00005090
0.00147320,-0.00039049,-0.00008907
0.00147330,-0.00033412,-0.00012429
0.00147340,-0.00040321,-0.00015541
0.00147350,-0.00037312,-0.00018144
0.00147360,-0.00044049,-0.00020153
0.00147370,-0.00038244,-0.00021503
0.00147380,-0.00031579,-0.00022152
0.00147390,-0.00024620,-0.00022079
0.00147400,-0.00015232,-0.00021292
0.00147410,-0.00020764,-0.00019821
0.00147420,-0.00002367,-0.00017724
0.00147430,-0.00016228,-0.00015080
0.00147440,-0.00015372,-0.00011987
0.00147450,-0.00009697,-0.00008559
0.00147460,-0.00014742,-0.00004917
0.00147470,-0.00011960,-0.00001189
0.00147480,-0.00010196,0.00002500
0.00147490,-0.00014873,0.00006030
0.00147500,-0.00020492,0.00009290
0.00147510,-0.00029433,0.00012184
0.00147520,-0.00010811,0.00014629
0.00147530,-0.00006513,0.00016560
0.00147540,0.00000353,0.00017931
0.00147550,0.00012254,0.00018712
0.00147560,0.00005594,0.00018892
0.00147570,0.00013086,0.00018480
0.00147580,0.00008704,0.00017502
0.00147590,0.00010529,0.00016003
0.00147600,-0.00007782,0.00014045
0.00147610,-0.00000627,0.00011704
0.00147620,0.00006022,0.00009069
0.00147630,-0.00021055,0.00006237
0.00147640,-0.00004659,0.00003312
0.00147650,-0.00029223,0.00000397
0.00147660,-0.00017828,-0.00002407
0.00147670,-0.00015691,-0.00005006
0.00147680,-0.00028442,-0.00007317
0.00147690,-0.00016536,-0.00009266
0.00147700,-0.00027810,-0.00010799
0.00147710,-0.00037568,-0.00011877
0.00147720,-0.00027682,-0.00012478
0.00147730,-0.00020476,-0.00012605
0.00147740,-0.00026257,-0.00012277
0.00147750,-0.00037937,-0.00011535
0.00147760,-0.00024385,-0.00010434
0.00147770,-0.00024890,-0.00009045
0.00147780,-0.00002959,-0.00007445
0.00147790,0.00005166,-0.00005715
0.00147800,-0.00004073,-0.00003938
0.00147810,0.00000876,-0.00002191
0.00147820,-0.00002757,-0.00000547
0.00147830,0.00003206,0.00000929
0.00147840,0.00000084,0.00002183
0.00147850,-0.00005250,0.00003173
0.00147860,0.00000085,0.00003872
0.00147870,-0.00005551,0.00004265
0.00147880,0.00001841,0.00004356
0.00147890,0.00002463,0.00004166
0.00147900,-0.00006043,0.00003728
0.00147910,-0.00007169,0.00003090
0.00147920,-0.00004630,0.00002307
0.00147930,-0.00001680,0.00001443
0.00147940,-0.00001709,0.00000559
0.00147950,0.00003539,-0.00000280
0.00147960,0.00002748,-0.00001017
0.00147970,0.00012468,-0.00001602
0.00147980,0.00006254,-0.00001992
0.00147990,-0.00007180,-0.00002156
0.00148000,-0.00014347,-0.00002072
0.00148010,-0.00031856,-0.00001729
0.00148020,-0.00018688,-0.00001127
0.00148030,-0.00027943,-0.00000281
0.00148040,-0.00040619,0.00000782
0.00148050,-0.00030200,0.00002022
0.00148060,-0.00014589,0.00003382
0.00148070,-0.00000649,0.00004798
0.00148080,-0.00015011,0.00006196
0.00148090,-0.00025232,0.00007497
0.00148100,-0.00016969,0.00008625
0.00148110,-0.00019534,0.00009506
0.00148120,-0.00027914,0.00010080
0.00148130,-0.00010392,0.00010297
0.00148140,-0.00004392,0.00010125
0.00148150,0.00002249,0.00009548
0.00148160,-0.00001872,0.00008569
0.00148170,-0.00002956,0.00007204
0.00148180,0.00002505,0.00005485
0.00148190,-0.00011897,0.00003460
0.00148200,-0.00006741,0.00001185
0.00148210,-0.00020736,-0.00001271
0.00148220,-0.00001199,-0.00003830
0.00148230,-0.00004405,-0.00006406
0.00148240,0.00002352,-0.00008908
0.00148250,-0.00005379,-0.00011243
0.00148260,-0.00010939,-0.00013317
0.00148270,0.00004500,-0.00015044
0.00148280,-0.00030768,-0.00016348
0.00148290,-0.00039969,-0.00017169
0.00148300,-0.00031118,-0.00017464
0.00148310,-0.00024577,-0.00017209
0.00148320,-0.00022035,-0.00016403
0.00148330,-0.00019576,-0.00015064
0.00148340,-0.00016188,-0.00013229
0.00148350,-0.00033451,-0.00010954
0.00148360,-0.00018500,-0.00008310
0.00148370,-0.00033372,-0.00005381
0.00148380,-0.00027609,-0.00002261
0.00148390,-0.00018021,0.00000950
0.00148400,-0.00039663,0.00004149
0.00148410,-0.00012053,0.00007234
0.00148420,-0.00008359,0.00010103
0.00148430,-0.00032974,0.00012664
0.00148440,-0.00026582,0.00014832
0.00148450,-0.00036694,0.00016533
0.00148460,-0.00026092,0.00017707
0.00148470,-0.00020109,0.00018312
0.00148480,-0.00008811,0.00018324
0.00148490,0.00005329,0.00017742
0.00148500,-0.00010386,0.00016587
0.00148510,-0.00005214,0.00014905
0.00148520,-0.00018399,0.00012758
0.00148530,-0.00032109,0.00010232
0.00148540,-0.00015534,0.00007423
0.00148550,0.00000589,0.00004443
0.00148560,0.00019266,0.00001405
0.00148570,0.00002691,-0.00001573
0.00148580,0.00016182,-0.00004381
0.00148590,0.00008950,-0.00006916
0.00148600,0.00004233,-0.00009091
0.00148610,0.00013232,-0.00010834
0.00148620,-0.00003922,-0.00012093
0.00148630,0.00018416,-0.00012834
0.00148640,-0.00001584,-0.00013044
0.00148650,0.00008892,-0.00012727
0.00148660,0.00006620,-0.00011907
0.00148670,-0.00010926,-0.00010628
0.00148680,0.00002433,-0.00008948
0.00148690,-0.00029123,-0.00006942
0.00148700,-0.00020054,-0.00004702
0.00148710,-0.00027535,-0.00002330
0.00148720,-0.00009549,0.00000065
0.00148730,-0.00021460,0.00002368
0.00148740,-0.00026522,0.00004469
0.00148750,-0.00019402,0.00006263
0.00148760,-0.00031048,0.00007660
0.00148770,-0.00018108,0.00008587
0.00148780,-0.00024163,0.00008990
0.00148790,-0.00020657,0.00008842
0.00148800,-0.00021968,0.00008137
0.00148810,-0.00015603,0.00006895
0.00148820,-0.00035790,0.00005162
0.00148830,-0.00034980,0.00003005
0.00148840,0.00000733,0.00000511
0.00148850,-0.00042470,-0.00002214
0.00148860,-0.00039962,-0.00005052
0.00148870,-0.00022850,-0.00007873
0.00148880,-0.00022686,-0.00010544
0.00148890,-0.00005255,-0.00012932
0.00148900,-0.00023194,-0.00014911
0.00148910,-0.00028933,-0.00016367
0.00148920,-0.00036237,-0.00017204
0.00148930,-0.00032792,-0.00017347
0.00148940,-0.00009374,-0.00016749
0.00148950,-0.00021939,-0.00015390
0.00148960,-0.00015456,-0.00013283
0.00148970,-0.00009868,-0.00010470
0.00148980,-0.00009150,-0.00007023
0.00148990,-0.00011907,-0.00003041
0.00149000,-0.00027629,0.00001352
0.00149010,-0.00017882,0.00006014
0.00149020,-0.00009105,0.00010790
0.00149030,0.00006935,0.00015515
0.00149040,0.00006298,0.00020021
0.00149050,-0.00004747,0.00024143
0.00149060,-0.00012877,0.00027723
0.00149070,-0.00006285,0.00030618
0.00149080,0.00004571,0.00032699
0.00149090,-0.00022564,0.00033860
0.00149100,-0.00020467,0.00034023
0.00149110,-0.00023203,0.00033136
0.00149120,-0.00029618,0.00031180
0.00149130,-0.00021001,0.00028172
0.00149140,-0.00032166,0.00024162
0.00149150,-0.00034067,0.00019237
0.00149160,-0.00039130,0.00013516
0.00149170,-0.00037375,0.00007151
0.00149180,-0.00030710,0.00000318
0.00149190,-0.00032573,-0.00006783
0.00149200,-0.00030348,-0.00013940
0.00149210,-0.00026334,-0.00020931
0.00149220,-0.00023576,-0.00027538
0.00149230,-0.00026712,-0.00033548
0.00149240,-0.00032268,-0.00038766
0.00149250,-0.00043653,-0.00043018
0.00149260,-0.00040872,-0.00046160
0.00149270,-0.00033485,-0.00048079
0.00149280,-0.00025274,-0.00048698
0.00149290,-0.00010134,-0.00047979
0.00149300,0.00003366,-0.00045921
0.00149310,-0.00002691,-0.00042565
0.00149320,-0.00024317,-0.00037985
0.00149330,-0.00016026,-0.00032295
0.00149340,-0.00013048,-0.00025642
0.00149350,0.00006949,-0.00018203
0.00149360,0.00004682,-0.00010186
0.00149370,0.00004603,-0.00001816
0.00149380,-0.00000715,0.00006664
0.00149390,-0.00001920,0.00015005
0.00149400,0.00019515,0.00022960
0.00149410,-0.00010245,0.00030294
0.00149420,-0.00011466,0.00036793
0.00149430,-0.00010614,0.00042273
0.00149440,-0.00004826,0.00046582
0.00149450,0.00000211,0.00049611
0.00149460,-0.00025336,0.00051289
0.00149470,-0.00022499,0.00051586
0.00149480,-0.00030528,0.00050513
0.00149490,-0.00039702,0.00048119
0.00149500,-0.00022540,0.00044485
0.00149510,-0.00024693,0.00039730
0.00149520,-0.00025496,0.00033997
0.00149530,-0.00024492,0.00027460
0.00149540,-0.00036906,0.00020313
0.00149550,-0.00007114,0.00012765
0.00149560,-0.00029997,0.00005037
0.00149570,-0.00030234,-0.00002648
0.00149580,-0.00023584,-0.00010071
0.00149590,-0.00015717,-0.00017025
0.00149600,0.00005016,-0.00023321
0.00149610,-0.00020179,-0.00028795
0.00149620,-0.00017418,-0.00033316
0.00149630,-0.00018080,-0.00036784
0.00149640,-0.00021871,-0.00039138
0.00149650,-0.00014046,-0.00040351
0.00149660,-0.00012435,-0.00040434
0.00149670,-0.00016797,-0.00039431
0.00149680,-0.00011884,-0.00037416
0.00149690,-0.00004798,-0.00034488
0.00149700,-0.00015630,-0.00030772
0.00149710,0.00022248,-0.00026408
0.00149720,0.00001694,-0.00021550
0.00149730,0.00001676,-0.00016359
0.00149740,0.00008482,-0.00011000
0.00149750,0.00000113,-0.00005634
0.00149760,0.00019741,-0.00000416
0.00149770,-0.00000909,0.00004513
0.00149780,-0.00011769,0.00009029
0.00149790,0.00001263,0.00013025
0.00149800,0.00000116,0.00016417
0.00149810,-0.00013929,0.00019146
0.00149820,-0.00022385,0.00021174
0.00149830,-0.00026126,0.00022486
0.00149840,-0.00008663,0.00023089
0.00149850,-0.00016049,0.00023012
0.00149860,-0.00020577,0.00022302
0.00149870,-0.00032194,0.00021022
0.00149880,-0.00052216,0.00019248
0.00149890,-0.00047616,0.00017068
0.00149900,-0.00051793,0.00014580
0.00149910,-0.00039837,0.00011883
0.00149920,-0.00049283,0.00009080
0.00149930,-0.00049101,0.00006269
0.00149940,-0.00058915,0.00003542
0.00149950,-0.00056990,0.00000980
0.00149960,-0.00050281,-0.00001352
0.00149970,-0.00037516,-0.00003402
0.00149980,-0.00021455,-0.00005137
0.00149990,-0.00017677,-0.00006538
